SITZUNGSDAUERLAUF -- samsung SM-S918B
Android 16 (API 36)

300 vollständige Diktate hintereinander, im selben Prozess.
Ohne Neustart, ohne Hintergrund, ohne erzwungenes Aufräumen.
Seitengröße für RSS: 4 KB (fest angenommen).

KONTROLLSITZUNG
  Text erkannt: ja, Fehler keiner, Zeiger 149
  in Ordnung

VERLAUF -- jede Sitzung
  Nr   Zeig   Fäden  Java KB  nativ    RSS KB   Start   Dauer   Aufräum Text
  1    149    14     11743    13009    161636   6       3059    1       ja
  2    148    13     4427     13287    160404   8       3058    1       ja
  3    148    13     4691     13292    160624   12      3063    0       ja
  4    148    13     4835     13295    160560   6       3065    0       ja
  5    148    13     5011     13299    160556   7       3057    1       ja
  6    148    13     5155     13297    160784   9       3074    1       ja
  7    148    13     5299     13304    160780   12      3060    1       ja
  8    148    13     5476     13308    160776   9       3066    1       ja
  9    148    13     5620     13307    157804   9       3039    0       ja
  10   151    13     5828     13442    158064   8       3058    1       ja
  11   151    13     6028     13437    123996   8       3062    1       ja
  12   151    13     6172     13770    124276   12      3066    0       ja
  13   151    13     6308     13770    116608   6       3047    0       ja
  14   151    13     6476     13770    116848   14      3053    1       ja
  15   151    13     6652     13778    116460   13      3050    0       ja
  16   151    13     6788     13784    116688   14      3059    1       ja
  17   151    13     6956     13788    116928   13      3057    1       ja
  18   151    13     7093     13791    116924   11      3073    1       ja
  19   151    13     7269     13790    117156   12      3068    0       ja
  20   154    14     7533     13956    117152   18      3053    1       ja
  21   154    14     7669     13973    117380   11      3055    1       ja
  22   154    14     7805     13976    117304   15      3073    1       ja
  23   154    14     8013     13974    117300   13      3055    0       ja
  24   154    14     8157     13977    117504   16      3064    1       ja
  25   154    14     8293     13977    117500   12      3065    1       ja
  26   154    14     8493     13982    117728   11      3062    1       ja
  27   154    14     8669     13981    117724   9       3061    1       ja
  28   154    14     8814     13981    117720   11      3069    0       ja
  29   154    14     8982     14006    117948   10      3068    0       ja
  30   158    14     9182     14092    118132   23      3052    0       ja
  31   158    14     9358     14059    118604   12      3060    0       ja
  32   158    14     9526     14013    118600   12      3072    0       ja
  33   158    14     9694     14018    118816   11      3058    0       ja
  34   158    14     9838     13984    118812   11      3049    0       ja
  35   158    14     10006    13987    118808   10      3067    2       ja
  36   158    14     10174    14087    119092   11      3049    1       ja
  37   158    14     10318    14096    118728   13      3073    1       ja
  38   158    14     10487    14101    118348   15      3057    1       ja
  39   158    14     10655    14102    117860   11      3058    1       ja
  40   161    14     10863    14148    117584   27      3068    1       ja
  41   161    14     11031    14154    116936   12      3060    1       ja
  42   161    14     11207    14157    116856   10      3069    1       ja
  43   161    14     11375    14157    117088   7       3070    1       ja
  44   161    14     11607    14165    117084   15      3056    1       ja
  45   161    14     11751    14170    117080   12      3073    1       ja
  46   161    14     11887    14170    117304   12      3060    1       ja
  47   161    14     12095    14173    117300   11      3067    1       ja
  48   161    14     12232    14165    117780   13      3058    1       ja
  49   161    14     12400    14164    117288   16      3050    0       ja
  50   162    14     12640    14243    118356   18      3052    1       ja
  51   162    14     12840    14244    118352   10      3064    1       ja
  52   162    14     13016    14250    118348   13      3053    0       ja
  53   162    14     13184    14257    118580   13      3063    0       ja
  54   162    14     13352    14257    118472   13      3066    0       ja
  55   162    14     13496    14258    118692   11      3075    0       ja
  56   162    14     13664    14258    118688   14      3070    0       ja
  57   162    14     13840    14263    118624   14      3067    0       ja
  58   162    14     13977    14272    118588   11      3073    1       ja
  59   162    14     14177    14273    118332   9       3067    1       ja
  60   162    14     14385    14351    117636   20      3060    1       ja
  61   162    14     14553    14349    117108   15      3070    1       ja
  62   162    14     14761    14365    117240   12      3078    1       ja
  63   162    14     14897    14364    117336   11      3074    1       ja
  64   162    14     15065    14365    116636   12      3069    1       ja
  65   162    14     15241    14371    114888   10      3058    0       ja
  66   162    14     15377    14371    114460   7       3074    1       ja
  67   162    14     15553    14379    114424   13      3077    0       ja
  68   162    14     15722    14380    111972   13      3077    0       ja
  69   162    14     15890    14383    110868   14      3071    1       ja
  70   162    14     16130    14461    111092   22      3073    1       ja
  71   162    14     16298    14460    111088   11      3069    0       ja
  72   162    14     16474    14463    111320   15      3072    0       ja
  73   162    14     16610    14463    111304   15      3074    1       ja
  74   162    14     16810    14468    111296   15      3059    1       ja
  75   162    14     16954    14468    111504   12      3062    1       ja
  76   162    14     17090    14506    111504   14      3078    1       ja
  77   162    14     17330    14510    111732   13      3071    1       ja
  78   162    14     17466    14514    111728   13      3049    1       ja
  79   162    14     17635    14518    111932   18      3054    1       ja
  80   162    14     17875    14609    112484   19      3066    0       ja
  81   162    14     18011    14615    112480   11      3064    1       ja
  82   162    14     18219    14615    112708   15      3068    1       ja
  83   162    14     18387    14622    112912   15      3073    1       ja
  84   162    14     18555    14622    113148   12      3082    1       ja
  85   162    14     18699    14621    113144   13      3079    1       ja
  86   162    14     18899    14631    113372   12      3067    0       ja
  87   162    14     19075    14634    113368   12      3064    1       ja
  88   162    14     19211    14637    113364   13      3074    1       ja
  89   162    14     19412    14636    113596   12      3071    1       ja
  90   162    14     19588    14714    113648   15      3064    1       ja
  91   162    14     19756    14718    113884   14      3073    1       ja
  92   162    14     19932    14715    113880   13      3064    1       ja
  93   162    14     20100    14717    114104   12      3072    1       ja
  94   162    14     20268    14724    114344   13      3074    1       ja
  95   162    14     20412    14728    114340   11      3073    1       ja
  96   162    14     20580    14732    114824   12      3075    1       ja
  97   162    14     20756    14732    114820   12      3070    1       ja
  98   162    14     20892    14732    115048   13      3069    0       ja
  99   162    14     21125    14735    115044   12      3081    1       ja
  100  162    14     21333    14796    115300   24      3064    0       ja
  101  162    14     21469    14793    113928   13      3061    1       ja
  102  162    14     21677    14803    113904   16      3060    1       ja
  103  162    14     21813    14808    114136   13      3057    0       ja
  104  162    14     21981    14810    114132   13      3075    1       ja
  105  162    14     22189    14780    114024   10      3077    1       ja
  106  162    14     22325    14787    114020   13      3059    1       ja
  107  162    14     22501    14790    114012   13      3063    1       ja
  108  162    14     22669    14790    114240   11      3084    0       ja
  109  162    14     22837    14779    114236   12      3069    0       ja
  110  162    14     23046    14864    114780   35      3057    1       ja
  111  162    14     23214    14864    114776   11      3064    0       ja
  112  162    14     23390    14842    114772   11      3068    1       ja
  113  162    14     23526    14847    115000   13      3053    1       ja
  114  162    14     23726    14848    114996   14      3064    1       ja
  115  162    14     23870    14850    115228   16      3073    1       ja
  116  162    14     24038    14850    115224   13      3076    1       ja
  117  162    14     24278    14853    115456   12      3068    1       ja
  118  162    14     24414    14855    115452   14      3067    1       ja
  119  162    14     24582    14853    115448   11      3079    1       ja
  120  162    14     24855    14931    115680   20      3068    0       ja
  121  162    14     24991    14935    115676   14      3080    1       ja
  122  162    14     25167    14942    115904   13      3075    1       ja
  123  162    14     25335    14947    115900   12      3054    1       ja
  124  162    14     25503    14953    116136   14      3088    1       ja
  125  162    14     25647    14952    116364   11      3073    1       ja
  126  162    14     25815    14957    115992   15      3061    1       ja
  127  162    14     25991    14959    116228   14      3056    1       ja
  128  162    14     26127    14957    116224   13      3067    1       ja
  129  162    14     26327    14963    116456   14      3066    0       ja
  130  162    14     26536    15042    116596   25      3071    1       ja
  131  162    14     26672    15043    116592   13      3070    1       ja
  132  162    14     26880    15044    116820   14      3069    1       ja
  133  162    14     27048    15047    116788   12      3056    1       ja
  134  162    14     27216    15053    116836   12      3082    1       ja
  135  162    14     27392    15057    116804   12      3070    1       ja
  136  162    14     27528    15058    117280   13      3065    1       ja
  137  162    14     27704    15058    117276   14      3065    1       ja
  138  162    14     27904    15060    116828   12      3059    1       ja
  139  162    14     28072    15068    117008   12      3067    0       ja
  140  162    14     28281    15148    117256   22      3063    1       ja
  141  162    14     28449    15150    116984   15      3057    1       ja
  142  162    14     28625    15152    116980   13      3076    1       ja
  143  162    14     28761    15153    116976   14      3057    1       ja
  144  162    14     5143     13785    107900   12      3057    1       ja
  145  162    14     5343     13788    107896   13      3074    0       ja
  146  162    14     5487     13793    108128   13      3071    1       ja
  147  162    14     5655     13806    107852   12      3065    1       ja
  148  162    14     5831     13805    108352   12      3072    0       ja
  149  162    14     5967     13805    108348   10      3071    1       ja
  150  162    14     6232     13950    108340   26      3072    1       ja
  151  162    14     6376     13955    108572   15      3061    1       ja
  152  162    14     6512     13960    108560   14      3067    1       ja
  153  162    14     6720     13959    108764   12      3077    1       ja
  154  162    14     6856     13962    108748   12      3084    0       ja
  155  162    14     7024     13964    108980   13      3070    1       ja
  156  162    14     7200     13973    109212   14      3071    1       ja
  157  162    14     7336     13974    109208   12      3074    0       ja
  158  162    14     7512     13979    109436   17      3061    1       ja
  159  162    14     7680     13978    109432   14      3056    0       ja
  160  162    14     7945     14054    105804   15      3038    0       ja
  161  162    14     8089     14054    105804   7       3046    1       ja
  162  162    14     8257     14064    105800   12      3067    0       ja
  163  162    14     8433     14068    106028   9       3063    0       ja
  164  162    14     8601     14070    106048   12      3082    1       ja
  165  162    14     8801     14074    106044   10      3079    0       ja
  166  162    14     8945     14075    106276   10      3062    1       ja
  167  162    14     9081     14077    106272   14      3068    0       ja
  168  162    14     9289     14083    106500   11      3074    1       ja
  169  162    14     9425     14088    106496   16      3075    1       ja
  170  162    14     9690     14166    106764   19      3056    0       ja
  171  162    14     9866     14165    106992   16      3058    0       ja
  172  162    14     10002    14167    107244   15      3064    1       ja
  173  162    14     10178    14166    107468   21      3070    0       ja
  174  162    14     10346    14164    107460   11      3066    1       ja
  175  162    14     10514    14171    107456   15      3055    1       ja
  176  162    14     10658    14174    107684   10      3076    0       ja
  177  162    14     10858    14181    107680   14      3058    1       ja
  178  162    14     11034    14186    107916   11      3057    1       ja
  179  162    14     11170    14192    107908   13      3079    1       ja
  180  162    14     11467    14227    108128   20      3074    1       ja
  181  162    14     11611    14231    107904   15      3062    1       ja
  182  162    14     11747    14229    107900   13      3067    0       ja
  183  162    14     11955    14234    108124   13      3067    1       ja
  184  162    14     12091    14242    108120   9       3065    1       ja
  185  162    14     12259    14242    108348   17      3077    0       ja
  186  162    14     12435    14245    108344   11      3082    1       ja
  187  162    14     12571    14242    108340   13      3069    0       ja
  188  162    14     12747    14254    108572   13      3068    1       ja
  189  162    14     12915    14250    108568   11      3062    1       ja
  190  162    14     13116    14370    108796   13      3070    0       ja
  191  162    14     13260    14368    108792   8       3060    1       ja
  192  162    14     13428    14386    108788   14      3069    1       ja
  193  162    14     13604    14387    109020   16      3051    1       ja
  194  162    14     13772    14387    109016   12      3072    1       ja
  195  162    14     13972    14387    109248   15      3079    1       ja
  196  162    14     14116    14397    109244   13      3088    0       ja
  197  162    14     14252    14401    109240   12      3065    1       ja
  198  162    14     14460    14402    109468   14      3076    2       ja
  199  162    14     14596    14398    109396   14      3079    1       ja
  200  162    14     14861    14467    109844   18      3063    1       ja
  201  162    14     15037    14471    109824   17      3072    1       ja
  202  162    14     15205    14474    110044   11      3077    0       ja
  203  162    14     15381    14475    109892   12      3060    1       ja
  204  162    14     15549    14481    109852   14      3073    1       ja
  205  162    14     15717    14486    110032   13      3061    0       ja
  206  162    14     15893    14486    109776   11      3070    1       ja
  207  162    14     16061    14486    110004   12      3051    1       ja
  208  162    14     16237    14495    109988   13      3065    1       ja
  209  162    14     16373    14496    110196   13      3066    1       ja
  210  162    14     16638    14562    110420   28      3059    1       ja
  211  162    14     16782    14562    110416   15      3073    1       ja
  212  162    14     16950    14572    109208   12      3061    0       ja
  213  162    14     17158    14573    109032   17      3062    1       ja
  214  162    14     17294    14576    109028   15      3067    1       ja
  215  162    14     17462    14575    109256   14      3092    1       ja
  216  162    14     17638    14579    109496   15      3058    0       ja
  217  162    14     17774    14579    109724   13      3058    2       ja
  218  162    14     17950    14581    109720   12      3067    0       ja
  219  162    14     18118    14583    109716   13      3069    1       ja
  220  162    14     18382    14643    109944   24      3068    1       ja
  221  162    14     18527    14647    109940   13      3072    1       ja
  222  162    14     18695    14649    110172   14      3079    1       ja
  223  162    14     18871    14646    110168   17      3080    1       ja
  224  162    14     19007    14651    110164   12      3058    1       ja
  225  162    14     19207    14658    110392   14      3071    1       ja
  226  162    14     19351    14662    110616   12      3074    0       ja
  227  162    14     19487    14664    110848   12      3073    1       ja
  228  162    14     19695    14669    110844   12      3079    1       ja
  229  162    14     19831    14671    110840   13      3069    0       ja
  230  162    14     20095    14685    111076   22      3063    1       ja
  231  162    14     20272    14684    111320   14      3070    1       ja
  232  162    14     20408    14685    111556   13      3058    0       ja
  233  162    14     20616    14688    111552   14      3081    1       ja
  234  162    14     20784    14692    111780   12      3067    1       ja
  235  162    14     20952    14695    111776   12      3076    1       ja
  236  162    14     21096    14699    111772   12      3073    0       ja
  237  162    14     21264    14704    112004   13      3066    1       ja
  238  162    14     21472    14708    112000   12      3077    0       ja
  239  162    14     21608    14714    112236   12      3067    1       ja
  240  162    14     21872    14706    112312   23      3065    0       ja
  241  162    14     22017    14714    112540   14      3062    1       ja
  242  162    14     22153    14715    112536   17      3069    1       ja
  243  162    14     22361    14710    112768   19      3066    1       ja
  244  162    14     22497    14714    112764   18      3055    1       ja
  245  162    14     22665    14720    112760   13      3077    0       ja
  246  162    14     22841    14718    112992   12      3073    0       ja
  247  162    14     23009    14723    112988   15      3078    1       ja
  248  162    14     23185    14723    113216   13      3073    1       ja
  249  162    14     23353    14730    113212   11      3066    1       ja
  250  162    14     23585    14729    113464   25      3063    1       ja
  251  162    14     23730    14727    113696   11      3064    1       ja
  252  162    14     23898    14731    113692   13      3071    1       ja
  253  162    14     24074    14731    113920   8       3077    1       ja
  254  162    14     24210    14739    113916   14      3063    1       ja
  255  162    14     24410    14742    113908   11      3064    1       ja
  256  162    14     24586    14746    114140   14      3072    1       ja
  257  162    14     24754    14747    114136   13      3082    1       ja
  258  162    14     24962    14749    114368   15      3069    1       ja
  259  162    14     25098    14747    114364   20      3069    1       ja
  260  162    14     25330    14846    114568   19      3054    0       ja
  261  162    14     25507    14847    114792   12      3078    0       ja
  262  162    14     25643    14856    114788   12      3068    0       ja
  263  162    14     25819    14852    115024   14      3067    0       ja
  264  162    14     25987    14862    115020   15      3074    0       ja
  265  162    14     26155    14865    115500   12      3076    1       ja
  266  162    14     26299    14869    115496   16      3078    1       ja
  267  162    14     26467    14875    115480   14      3062    1       ja
  268  162    14     26643    14877    115712   16      3078    0       ja
  269  162    14     26779    14878    115708   12      3054    1       ja
  270  162    14     27075    14932    116180   27      3073    1       ja
  271  162    14     27220    14932    116148   8       3061    1       ja
  272  162    14     27356    14935    116096   14      3075    1       ja
  273  162    14     27564    14942    116224   12      3071    1       ja
  274  162    14     27700    14942    116220   15      3075    0       ja
  275  162    14     27868    14942    116448   14      3067    1       ja
  276  162    14     28044    14947    116444   12      3059    0       ja
  277  162    14     28180    14953    116676   23      3078    1       ja
  278  162    14     28388    14958    116672   12      3066    1       ja
  279  162    14     28556    14962    116668   11      3049    1       ja
  280  162    14     28788    15003    117396   35      3060    1       ja
  281  162    14     28932    15004    117328   12      3072    1       ja
  282  162    14     5391     13611    102272   9       3061    1       ja
  283  162    14     5559     13610    102244   13      3059    1       ja
  284  162    14     5703     13618    102476   12      3081    1       ja
  285  162    14     5871     13620    102472   15      3085    1       ja
  286  162    14     6047     13625    102468   14      3089    1       ja
  287  162    14     6215     13625    102696   15      3068    1       ja
  288  162    14     6384     13633    102688   15      3065    1       ja
  289  162    14     6528     13635    102912   14      3063    1       ja
  290  162    14     6696     13757    103144   23      3070    1       ja
  291  162    14     6904     13759    103116   14      3073    0       ja
  292  162    14     7040     13762    103344   13      3065    1       ja
  293  162    14     7240     13762    103336   16      3074    1       ja
  294  162    14     7416     13767    103572   14      3053    1       ja
  295  162    14     7552     13769    103568   15      3084    1       ja
  296  162    14     7728     13771    103792   11      3066    1       ja
  297  162    14     7896     13781    103776   13      3053    1       ja
  298  162    14     8065     13781    103764   12      3073    1       ja
  299  162    14     8241     13784    103996   17      3068    1       ja
  300  162    14     8409     13866    103992   18      3058    0       ja

ZEIGERARTEN ÜBER DEN LAUF
  Art                      Sitz. 1  Mitte    Ende     Einordnung
  Binder                   3        3        3        unverändert
  Datei in /system         17       17       17       unverändert
  Ereigniszähler           7        7        7        unverändert
  Gerät kgsl-3d0           1        1        1        unverändert
  Gerät null               11       10       10       unverändert
  Gerät pmsg0              1        1        1        unverändert
  Gerät urandom            1        1        1        unverändert
  Grafikpuffer             8        8        8        unverändert
  Programmpaket            19       19       19       unverändert
  Rohr                     2        2        2        unverändert
  Steckdose                12       12       12       unverändert
  geteilter Speicher       7        7        7        unverändert
  namenlos [eventpoll]     4        4        4        unverändert
  namenlos [userfaultfd]   1        1        1        unverändert
  namenlos sync_file       13       27       27       einmalig beim Aufbau
  sonstiges                42       42       42       unverändert

ZEIGER NACH ART -- Unterschied zwischen Sitzung 1 und 300
  namenlos sync_file       +14
  Gerät null               -1

  Bestand am Ende:
    sonstiges                42
      /sys/kernel/tracing/trace_marker
      /apex/com.android.art/javalib/core-oj.jar
      /apex/com.android.art/javalib/core-libart.jar
      /apex/com.android.art/javalib/okhttp.jar
      /apex/com.android.art/javalib/bouncycastle.jar
    namenlos sync_file       27
      anon_inode:sync_file
    Programmpaket            19
    Datei in /system         17
    Steckdose                12
    Gerät null               10
    Grafikpuffer             8
    Ereigniszähler           7
    geteilter Speicher       7
    namenlos [eventpoll]     4
      anon_inode:[eventpoll]
    Binder                   3
    Rohr                     2
    Gerät pmsg0              1
    Gerät urandom            1
    namenlos [userfaultfd]   1
      anon_inode:[userfaultfd]
    Gerät kgsl-3d0           1

URTEIL
  Sitzungen ohne Text: 0 von 300
  Dateizeiger:   Mitte 162, Ende 162, Zuwachs 0 (0,00 je Sitzung) -- kein Wachstum
  Java-Halde:    Mitte 15392, Ende 19576, Zuwachs 4185 (27,90 je Sitzung) -- **WÄCHST WEITER**
  native Halde:  Mitte 14413, Ende 14475, Zuwachs 61 (0,41 je Sitzung) -- **WÄCHST WEITER**
  RSS:           Mitte 111057, Ende 111093, Zuwachs 37 (0,24 je Sitzung) -- **WÄCHST WEITER**
  Fäden:         Mitte 14, Ende 14, Zuwachs 0 (0,00 je Sitzung) -- kein Wachstum

  Wird es langsamer? Ein Ressourcenstau zeigt sich oft zuerst so.
  Startlatenz:   Mitte 14, Ende 15, Zuwachs 1 (0,01 je Sitzung) -- Plateau erreicht
  Sitzungsdauer: Mitte 3067, Ende 3069, Zuwachs 2 (0,01 je Sitzung) -- Plateau erreicht
  Aufräumdauer:  Mitte 1, Ende 1, Zuwachs 0 (0,00 je Sitzung) -- Plateau erreicht
