SITZUNGSDAUERLAUF -- samsung SM-A156B
Android 16 (API 36)

300 vollständige Diktate hintereinander, im selben Prozess.
Ohne Neustart, ohne Hintergrund, ohne erzwungenes Aufräumen.
Seitengröße für RSS: 4 KB (fest angenommen).

KONTROLLSITZUNG
  Text erkannt: ja, Fehler keiner, Zeiger 172
  in Ordnung

VERLAUF -- jede Sitzung
  Nr   Zeig   Fäden  Java KB  nativ    RSS KB   Start   Dauer   Aufräum Text
  1    172    14     7585     22380    162948   29      3116    1       ja
  2    171    13     4519     22498    161508   31      3111    1       ja
  3    171    13     4719     22500    161504   32      3122    1       ja
  4    171    13     4855     22502    161428   20      3128    1       ja
  5    171    13     5087     22503    161424   31      3126    1       ja
  6    171    14     5255     22596    161432   30      3108    1       ja
  7    171    14     5455     22600    161660   15      3138    1       ja
  8    171    14     5623     22609    161656   27      3127    1       ja
  9    171    14     5791     22607    162124   24      3126    1       ja
  10   175    14     6023     22666    162676   51      3121    1       ja
  11   175    14     6224     22664    162900   32      3123    0       ja
  12   175    14     6360     22677    162896   27      3121    1       ja
  13   175    14     6536     22674    162892   26      3127    1       ja
  14   175    14     6704     22683    163124   29      3133    1       ja
  15   175    14     6880     22682    163120   25      3127    1       ja
  16   175    14     7016     22692    163356   27      3126    1       ja
  17   175    14     7224     22696    163352   29      3128    0       ja
  18   175    14     7360     22698    163580   24      3128    1       ja
  19   175    14     7568     22696    163576   29      3130    1       ja
  20   179    14     7768     22725    163972   54      3121    0       ja
  21   179    14     7985     22720    164196   30      3131    1       ja
  22   179    14     8121     22715    164192   32      3119    1       ja
  23   179    14     8337     22721    164428   30      3130    1       ja
  24   179    14     8505     22723    164424   28      3127    0       ja
  25   179    14     8689     22719    164656   27      3125    1       ja
  26   179    15     8889     22774    164660   29      3119    0       ja
  27   179    15     9073     22742    164888   30      3134    1       ja
  28   179    15     9209     22688    164884   26      3127    1       ja
  29   179    15     9425     22689    164880   27      3122    1       ja
  30   182    15     9625     22747    165116   53      3136    1       ja
  31   182    15     9842     22752    165360   25      3123    0       ja
  32   182    15     10010    22756    165596   30      3121    1       ja
  33   182    15     10146    22762    165592   29      3129    0       ja
  34   182    15     10354    22763    165824   31      3121    0       ja
  35   182    15     4759     22519    162232   30      3128    1       ja
  36   182    15     4927     22523    162432   30      3128    1       ja
  37   182    15     5063     22528    162428   29      3125    1       ja
  38   182    15     5279     22534    162424   28      3123    1       ja
  39   182    15     5447     22535    162652   30      3122    1       ja
  40   185    15     5679     23204    163096   53      3113    0       ja
  41   185    15     5855     23205    163332   31      3132    1       ja
  42   185    15     6055     23190    163328   29      3129    1       ja
  43   185    15     6191     23175    163556   29      3125    1       ja
  44   185    15     6376     23183    163552   27      3120    1       ja
  45   185    15     6576     23185    163548   27      3122    0       ja
  46   185    15     6712     23185    164012   30      3123    0       ja
  47   185    15     6896     23188    164008   28      3129    1       ja
  48   185    15     7096     23195    164244   31      3126    0       ja
  49   185    15     7232     23198    164240   33      3127    0       ja
  50   185    15     7512     23246    164468   54      3134    1       ja
  51   185    15     7680     23246    164464   31      3120    1       ja
  52   185    15     7816     23253    164696   30      3126    1       ja
  53   185    15     8032     23261    164692   29      3126    1       ja
  54   185    15     8201     23261    164688   26      3117    1       ja
  55   185    15     8369     22791    165020   33      3125    1       ja
  56   185    17     8681     22969    165036   29      3127    0       ja
  57   185    17     8881     22972    165272   28      3123    1       ja
  58   185    17     9049     22977    165268   26      3128    1       ja
  59   185    17     9233     22979    165500   27      3128    1       ja
  60   185    17     9497     23118    165828   52      3124    0       ja
  61   185    17     9633     23114    166060   30      3124    1       ja
  62   185    17     9849     23119    166056   26      3121    1       ja
  63   185    17     10017    23123    166052   27      3119    1       ja
  64   185    17     10154    23127    166284   24      3118    0       ja
  65   185    17     10370    23125    166280   28      3129    1       ja
  66   185    17     10538    23125    166516   29      3121    1       ja
  67   185    17     4811     22810    162516   27      3131    1       ja
  68   185    17     4979     22814    162752   27      3127    1       ja
  69   185    17     5147     22824    162748   31      3127    1       ja
  70   185    17     5379     22821    163004   50      3127    0       ja
  71   185    17     5595     22822    163000   30      3121    1       ja
  72   185    17     5795     22820    163464   33      3121    1       ja
  73   185    17     6027     22803    162744   30      3139    1       ja
  74   185    17     6308     22905    162728   17      3084    1       ja
  75   185    17     6508     22907    155040   18      3098    0       ja
  76   185    17     6644     22916    118740   16      3108    1       ja
  77   185    17     6860     22914    118972   26      3146    1       ja
  78   185    17     7028     22913    118968   24      3134    1       ja
  79   185    17     7164     22924    119200   30      3139    0       ja
  80   185    17     7444     22967    124632   66      3138    2       ja
  81   185    17     7644     23081    126512   30      3145    1       ja
  82   185    17     7812     23085    126720   13      3154    1       ja
  83   185    17     7996     23088    126716   31      3155    0       ja
  84   185    17     8197     23088    126960   31      3145    1       ja
  85   185    17     8333     23089    126956   31      3158    0       ja
  86   185    17     8517     23097    127188   23      3150    0       ja
  87   185    17     8717     23095    127184   30      3165    1       ja
  88   185    17     8853     23102    127420   32      3152    0       ja
  89   185    17     9069     23107    127616   33      3154    1       ja
  90   185    17     9269     23198    127768   38      3158    1       ja
  91   185    17     9405     23198    127996   28      3133    1       ja
  92   185    17     9621     23107    128064   29      3147    2       ja
  93   185    17     9789     23109    128300   33      3153    2       ja
  94   185    17     9957     23116    128296   28      3154    4       ja
  95   185    17     10142    23116    128528   26      3155    0       ja
  96   185    17     10342    23123    128524   30      3150    0       ja
  97   185    17     10478    23131    128756   28      3157    2       ja
  98   185    17     10662    23131    128752   30      3139    1       ja
  99   185    17     4863     22791    125352   22      3137    1       ja
  100  185    17     5127     22857    125824   53      3145    2       ja
  101  185    17     5327     22860    125820   30      3149    0       ja
  102  185    18     5559     22945    126256   18      3151    2       ja
  103  185    18     5743     23116    126304   30      3159    0       ja
  104  185    18     5943     23120    126536   28      3144    2       ja
  105  185    18     6111     23127    126532   27      3156    2       ja
  106  185    18     6327     23127    126764   28      3158    2       ja
  107  185    18     6496     23125    126760   29      3154    1       ja
  108  185    18     6632     23132    126756   27      3154    2       ja
  109  185    18     6848     23113    126992   30      3162    0       ja
  110  185    18     7112     23261    127152   49      3146    1       ja
  111  185    18     7248     23264    127636   30      3143    2       ja
  112  185    18     7432     23273    127632   30      3153    1       ja
  113  185    18     7632     23272    127864   28      3159    1       ja
  114  185    18     7768     23279    127860   27      3153    2       ja
  115  185    18     7952     23278    128092   24      3150    1       ja
  116  185    18     8152     23283    128088   31      3159    2       ja
  117  185    18     8289     23289    128084   27      3150    2       ja
  118  185    18     8505     23111    128392   29      3152    2       ja
  119  185    18     8673     23117    128388   31      3145    2       ja
  120  185    18     8905     23217    128620   58      3160    2       ja
  121  185    18     9089     23221    128616   28      3152    1       ja
  122  185    18     9289     23219    128848   30      3149    2       ja
  123  185    18     9457     23224    128844   28      3156    1       ja
  124  185    18     9641     23226    129276   30      3155    2       ja
  125  185    18     9841     23226    129272   30      3157    1       ja
  126  185    18     9977     23235    128896   31      3156    1       ja
  127  185    18     10194    23242    129128   30      3149    1       ja
  128  185    18     10362    23248    129384   31      3159    1       ja
  129  185    18     10530    23247    129620   30      3168    2       ja
  130  185    18     4987     23002    126064   51      3151    2       ja
  131  185    18     5219     23001    126296   29      3164    1       ja
  132  185    18     5387     23007    126292   28      3160    1       ja
  133  185    18     5523     23014    126524   29      3159    0       ja
  134  185    18     5739     23012    126520   32      3165    0       ja
  135  185    18     5907     23018    126516   29      3162    2       ja
  136  185    18     6043     23021    126748   23      3155    2       ja
  137  185    18     6259     23024    126948   29      3146    1       ja
  138  185    18     6428     23028    127184   35      3149    1       ja
  139  185    18     6596     23029    127124   29      3151    0       ja
  140  185    19     6908     23190    127376   44      3153    2       ja
  141  185    19     7076     23175    127468   30      3153    2       ja
  142  185    19     7244     23180    127700   29      3155    0       ja
  143  185    19     7428     23183    127696   29      3166    2       ja
  144  185    19     7628     23187    127692   24      3160    2       ja
  145  185    19     7764     23184    127924   24      3157    2       ja
  146  185    19     7948     23191    127920   30      3163    1       ja
  147  185    19     8148     23190    128156   29      3157    2       ja
  148  185    19     8284     23193    128152   30      3159    1       ja
  149  185    19     8469     23192    128384   26      3161    1       ja
  150  185    19     8733     23181    128696   56      3151    2       ja
  151  185    19     8901     23188    128924   28      3152    1       ja
  152  185    19     9085     23164    128920   26      3146    1       ja
  153  185    19     9285     23158    128916   26      3154    2       ja
  154  185    19     9421     23160    129148   31      3141    1       ja
  155  185    19     9669     23162    129144   30      3145    1       ja
  156  185    19     9869     23162    129380   28      3148    2       ja
  157  185    19     10005    23169    129376   30      3152    2       ja
  158  185    19     10189    23170    129604   24      3155    1       ja
  159  185    19     10390    23176    129600   30      3153    2       ja
  160  185    19     10622    23231    129592   58      3153    1       ja
  161  185    19     10806    23233    129824   29      3160    2       ja
  162  185    19     5007     22900    126208   34      3150    2       ja
  163  185    19     5175     22900    126436   31      3157    2       ja
  164  185    19     5375     22905    126608   25      3152    0       ja
  165  185    19     5543     22908    126844   30      3154    2       ja
  166  185    19     5727     22908    126840   29      3158    1       ja
  167  185    19     5895     22912    127072   28      3156    2       ja
  168  185    19     6063     22917    127068   26      3163    0       ja
  169  185    19     6247     22921    127300   29      3163    1       ja
  170  185    19     6512     22977    127504   51      3153    2       ja
  171  185    19     6648     22977    127500   30      3153    1       ja
  172  185    20     6928     23072    127740   30      3149    2       ja
  173  185    20     7128     23069    127736   28      3161    1       ja
  174  185    20     7264     23073    127972   30      3164    1       ja
  175  185    20     7480     23078    127968   26      3154    1       ja
  176  185    20     7648     23082    128424   27      3148    1       ja
  177  185    20     7816     23083    128420   28      3160    1       ja
  178  185    20     8000     23085    128416   29      3158    1       ja
  179  185    20     8168     23088    128648   28      3159    0       ja
  180  185    20     8401     23161    128684   53      3169    2       ja
  181  185    20     8617     23340    129008   28      3152    1       ja
  182  185    20     8785     23347    129004   25      3155    1       ja
  183  185    20     8921     23346    129236   29      3152    2       ja
  184  185    20     9137     23348    129232   27      3149    2       ja
  185  185    20     9305     23349    129476   28      3152    2       ja
  186  185    20     9441     23354    129472   28      3157    1       ja
  187  185    20     9657     23360    129468   30      3147    2       ja
  188  185    20     9825     23363    129700   30      3159    1       ja
  189  185    20     9961     23361    129696   31      3155    1       ja
  190  185    20     10177    23480    129932   52      3161    1       ja
  191  185    20     10378    23482    130184   30      3151    0       ja
  192  185    20     10514    23493    130416   23      3156    1       ja
  193  185    20     10730    23441    130524   31      3151    2       ja
  194  185    20     5095     23107    126808   29      3144    2       ja
  195  185    20     5263     23111    126804   32      3155    1       ja
  196  185    20     5463     23116    127036   28      3153    1       ja
  197  185    20     5599     23116    127032   29      3150    1       ja
  198  185    20     5783     23118    127028   29      3159    2       ja
  199  185    20     5983     23123    127260   32      3156    1       ja
  200  185    20     6215     23150    127260   47      3151    1       ja
  201  185    20     6399     23156    127496   32      3151    2       ja
  202  185    20     6568     23161    127492   30      3155    1       ja
  203  185    20     6768     23156    127936   31      3145    1       ja
  204  185    20     6952     23157    127932   28      3158    1       ja
  205  185    20     7152     23158    127928   25      3154    2       ja
  206  185    20     7288     23163    123060   24      3119    0       ja
  207  185    20     7472     23163    118804   28      3138    1       ja
  208  185    20     7672     23167    118872   14      3139    2       ja
  209  185    20     7808     23085    118912   30      3150    2       ja
  210  185    20     8088     23234    119236   54      3158    2       ja
  211  185    20     8256     23233    119232   29      3148    2       ja
  212  185    20     8425     23239    119464   29      3159    1       ja
  213  185    20     8609     23240    119460   29      3162    1       ja
  214  185    20     8777     23244    119456   30      3131    1       ja
  215  185    20     8945     23247    119044   36      3147    2       ja
  216  185    20     9161     23258    119040   30      3154    1       ja
  217  185    20     9329     23263    119276   29      3152    1       ja
  218  185    20     9497     23264    119272   27      3149    1       ja
  219  185    20     9681     23263    119504   29      3151    2       ja
  220  185    20     9945     23282    119752   52      3147    2       ja
  221  185    20     10081    23283    119984   25      3146    1       ja
  222  185    20     10266    23287    119980   23      3154    0       ja
  223  185    20     10466    23295    119976   29      3154    2       ja
  224  185    20     10602    23299    120208   28      3151    1       ja
  225  185    20     10786    23299    120204   29      3146    1       ja
  226  185    20     5139     22931    116636   37      3151    2       ja
  227  185    20     5339     22928    116628   33      3159    1       ja
  228  185    20     5507     22931    116856   28      3155    2       ja
  229  185    20     5643     22936    117024   29      3164    2       ja
  230  185    20     5923     22973    117016   52      3151    1       ja
  231  185    20     6123     22970    117248   33      3148    2       ja
  232  185    20     6259     22974    117244   35      3162    2       ja
  233  185    20     6443     22976    117480   27      3145    1       ja
  234  185    20     6708     22964    117476   28      3150    0       ja
  235  185    20     6876     22963    117708   25      3151    1       ja
  236  185    20     7060     22971    117704   29      3154    1       ja
  237  185    20     7228     22958    117936   33      3156    2       ja
  238  185    20     7396     22969    117932   29      3156    2       ja
  239  185    20     7580     22968    117928   26      3165    0       ja
  240  185    20     7844     23106    118476   54      3158    0       ja
  241  185    20     8012     23094    118472   28      3143    1       ja
  242  185    20     8196     23096    118708   30      3154    1       ja
  243  185    20     8396     23083    118704   29      3152    1       ja
  244  185    20     8533     23082    118936   27      3157    0       ja
  245  185    20     8749     23087    118932   24      3152    2       ja
  246  185    20     8917     23089    118928   29      3152    2       ja
  247  185    20     9085     23093    119156   28      3138    2       ja
  248  185    20     9269     23275    119140   28      3155    0       ja
  249  185    20     9437     23281    119376   32      3153    2       ja
  250  185    20     9669     23412    119372   53      3162    2       ja
  251  185    20     9885     23416    119860   27      3146    1       ja
  252  185    20     10053    23424    119856   28      3154    1       ja
  253  185    20     10221    23423    120084   27      3156    1       ja
  254  185    20     10438    23427    120080   29      3154    1       ja
  255  185    20     10606    23428    120076   26      3161    2       ja
  256  185    20     10774    23435    120308   30      3130    1       ja
  257  185    20     10958    23435    120304   27      3152    2       ja
  258  185    20     5203     23095    116516   29      3149    2       ja
  259  185    20     5371     23099    116512   25      3157    1       ja
  260  185    20     5667     23156    116956   51      3157    1       ja
  261  185    20     5803     23162    116952   32      3152    1       ja
  262  185    20     5987     23167    117184   28      3164    1       ja
  263  185    20     6187     23170    116952   31      3124    1       ja
  264  185    20     6323     23173    115304   16      3090    0       ja
  265  185    20     6507     23172    115268   16      3124    2       ja
  266  185    20     6740     23178    115264   30      3151    0       ja
  267  185    20     6876     23181    115496   32      3152    1       ja
  268  185    20     7060     23183    115492   27      3151    2       ja
  269  185    20     7260     23187    115728   29      3159    1       ja
  270  185    20     7492     23201    116536   54      3146    2       ja
  271  185    20     7676     23132    116816   24      3154    2       ja
  272  185    20     7844     23139    116812   27      3146    1       ja
  273  185    20     8012     23145    116808   28      3155    0       ja
  274  185    20     8196     23146    117036   28      3152    1       ja
  275  185    20     8364     23147    117032   23      3151    2       ja
  276  185    20     8533     23154    117268   24      3153    1       ja
  277  185    20     8717     23155    117264   21      3153    1       ja
  278  185    20     8981     23156    117496   25      3131    2       ja
  279  185    20     9117     23159    117492   28      3154    1       ja
  280  185    20     9397     23182    117988   50      3159    2       ja
  281  185    20     9565     23183    117984   26      3151    2       ja
  282  185    20     9701     23188    117980   31      3152    1       ja
  283  185    20     9917     23190    118212   28      3166    2       ja
  284  185    20     10085    23197    118208   32      3155    1       ja
  285  185    20     10221    23199    118444   31      3149    2       ja
  286  185    20     10438    23208    118440   30      3155    1       ja
  287  185    20     10606    23204    118672   30      3144    2       ja
  288  185    20     10742    23205    118668   29      3159    1       ja
  289  185    20     10958    23210    118900   28      3149    1       ja
  290  185    20     5255     22986    115036   55      3152    2       ja
  291  185    20     5431     22990    115172   30      3158    1       ja
  292  185    22     5727     23169    115120   30      3138    2       ja
  293  185    22     5895     23180    115356   22      3143    1       ja
  294  185    22     6079     23180    115352   25      3154    2       ja
  295  185    22     6247     23178    115584   27      3147    2       ja
  296  185    22     6415     23183    115580   22      3155    2       ja
  297  185    22     6599     23193    115812   28      3157    2       ja
  298  185    22     6800     23194    115808   29      3154    0       ja
  299  185    22     6968     23193    115804   27      3150    1       ja
  300  185    22     7248     23267    116040   51      3158    1       ja

ZEIGERARTEN ÜBER DEN LAUF
  Art                      Sitz. 1  Mitte    Ende     Einordnung
  Binder                   3        3        3        unverändert
  Datei in /system         11       11       11       unverändert
  Ereigniszähler           11       11       11       unverändert
  Gerät mali0              1        1        1        unverändert
  Gerät null               11       10       10       unverändert
  Gerät pmsg0              1        1        1        unverändert
  Gerät urandom            1        1        1        unverändert
  Grafikpuffer             6        6        6        unverändert
  Programmpaket            21       21       21       unverändert
  Rohr                     2        2        2        unverändert
  Steckdose                14       14       14       unverändert
  geteilter Speicher       12       12       12       unverändert
  namenlos [eventpoll]     5        5        5        unverändert
  namenlos [userfaultfd]   1        1        1        unverändert
  namenlos gralloc_extra   6        6        6        unverändert
  namenlos malitl_21889_0xb400007968d2c788 1        1        1        unverändert
  namenlos malitl_21889_0xb4000079c75c6200 1        1        1        unverändert
  namenlos malitl_21889_0xb400007ad4241dc0 1        1        1        unverändert
  namenlos sync_file       12       26       26       einmalig beim Aufbau
  sonstiges                51       51       51       unverändert

ZEIGER NACH ART -- Unterschied zwischen Sitzung 1 und 300
  namenlos sync_file       +14
  Gerät null               -1

  Bestand am Ende:
    sonstiges                51
      /sys/kernel/tracing/trace_marker
      /apex/com.android.art/javalib/core-oj.jar
      /apex/com.android.art/javalib/core-libart.jar
      /apex/com.android.art/javalib/okhttp.jar
      /apex/com.android.art/javalib/bouncycastle.jar
    namenlos sync_file       26
      anon_inode:sync_file
    Programmpaket            21
    Steckdose                14
    geteilter Speicher       12
    Datei in /system         11
    Ereigniszähler           11
    Gerät null               10
    namenlos gralloc_extra   6
      anon_inode:gralloc_extra
    Grafikpuffer             6
    namenlos [eventpoll]     5
      anon_inode:[eventpoll]
    Binder                   3
    Rohr                     2
    Gerät pmsg0              1
    Gerät urandom            1
    namenlos [userfaultfd]   1
      anon_inode:[userfaultfd]
    Gerät mali0              1
    namenlos malitl_21889_0xb400007ad4241dc0 1
      anon_inode:malitl_21889_0xb400007ad4241dc0
    namenlos malitl_21889_0xb400007968d2c788 1
      anon_inode:malitl_21889_0xb400007968d2c788
    namenlos malitl_21889_0xb4000079c75c6200 1
      anon_inode:malitl_21889_0xb4000079c75c6200

URTEIL
  Sitzungen ohne Text: 0 von 300
  Dateizeiger:   Mitte 185, Ende 185, Zuwachs 0 (0,00 je Sitzung) -- kein Wachstum
  Java-Halde:    Mitte 7789, Ende 8157, Zuwachs 367 (2,45 je Sitzung) -- **WÄCHST WEITER**
  native Halde:  Mitte 23105, Ende 23195, Zuwachs 91 (0,60 je Sitzung) -- **WÄCHST WEITER**
  RSS:           Mitte 128018, Ende 117477, Zuwachs -10541 (-70,27 je Sitzung) -- kein Wachstum
  Fäden:         Mitte 19, Ende 20, Zuwachs 1 (0,01 je Sitzung) -- Plateau erreicht

  Wird es langsamer? Ein Ressourcenstau zeigt sich oft zuerst so.
  Startlatenz:   Mitte 31, Ende 30, Zuwachs -1 (-0,01 je Sitzung) -- kein Wachstum
  Sitzungsdauer: Mitte 3156, Ende 3150, Zuwachs -6 (-0,04 je Sitzung) -- kein Wachstum
  Aufräumdauer:  Mitte 1, Ende 1, Zuwachs 0 (0,00 je Sitzung) -- Plateau erreicht
