SITZUNGSDAUERLAUF -- Google sdk_gphone64_x86_64
Android 14 (API 34)

900 vollständige Diktate hintereinander, im selben Prozess.
Ohne Neustart, ohne Hintergrund, ohne erzwungenes Aufräumen.
Seitengröße für RSS: 4 KB (fest angenommen).

KONTROLLSITZUNG
  Text erkannt: ja, Fehler keiner, Zeiger 112
  in Ordnung

VERLAUF -- jede Sitzung
  Nr   Zeig   Fäden  Java KB  nativ    RSS KB   Start   Dauer   Aufräum Text
  1    112    14     7079     16588    193512   6       2632    1       ja
  2    112    14     7184     16602    193500   6       2612    0       ja
  3    112    14     7320     16616    193488   7       2614    1       ja
  4    112    14     7440     16630    193716   9       2644    1       ja
  5    112    14     7560     16645    194184   6       2611    1       ja
  6    112    14     7649     16659    194416   6       2617    0       ja
  7    111    14     4788     16415    192468   6       2662    0       ja
  8    111    14     4925     16429    192504   6       2626    1       ja
  9    111    14     5045     16443    192492   7       2647    0       ja
  10   114    14     5166     16469    192488   5       2644    0       ja
  11   114    14     5286     16482    192724   6       2622    0       ja
  12   114    14     5406     16496    192712   4       2606    0       ja
  13   114    14     5511     16510    192972   6       2636    1       ja
  14   114    14     5615     16524    193200   7       2617    0       ja
  15   114    14     5735     16538    193428   6       2611    1       ja
  16   114    14     5871     16552    193420   7       2617    0       ja
  17   114    14     5975     16566    193648   7       2616    0       ja
  18   114    14     6112     16580    193956   5       2620    1       ja
  19   114    14     6215     16593    193944   7       2612    0       ja
  20   117    14     6367     16611    194312   16      2631    0       ja
  21   117    14     6503     16625    194300   6       2615    0       ja
  22   117    14     6640     16638    194288   7       2606    1       ja
  23   117    14     6743     16652    194516   7       2616    0       ja
  24   117    14     6863     16667    194516   6       2683    0       ja
  25   117    14     6984     16680    194508   6       2637    1       ja
  26   117    14     7088     16694    194736   7       2606    0       ja
  27   117    14     7223     16708    194728   8       2604    1       ja
  28   117    14     7360     16722    194720   6       2613    0       ja
  29   117    14     7480     16736    194948   6       2611    0       ja
  30   120    14     7632     16755    194932   21      2621    0       ja
  31   120    14     7768     16769    195428   7       2654    0       ja
  32   120    14     7889     16783    195424   7       2623    0       ja
  33   120    14     7993     16797    195412   7       2619    0       ja
  34   120    14     8114     16811    195648   6       2615    0       ja
  35   120    14     8233     16825    195856   6       2681    0       ja
  36   120    14     8353     16839    195844   7       2609    0       ja
  37   120    14     8474     16852    196072   9       2619    1       ja
  38   120    14     8594     16866    196152   8       2611    0       ja
  39   120    14     8713     16880    196256   6       2630    1       ja
  40   123    14     8850     16899    196556   5       2612    0       ja
  41   123    14     8986     16913    196536   5       2603    1       ja
  42   123    14     9123     16927    196524   9       2622    1       ja
  43   123    14     9242     16941    196884   6       2613    0       ja
  44   123    14     5028     16471    193728   6       2616    0       ja
  45   123    14     5149     16485    193964   5       2616    0       ja
  46   123    14     5269     16498    193952   6       2631    0       ja
  47   123    14     5390     16512    193940   6       2632    0       ja
  48   123    14     5526     16526    194168   5       2606    1       ja
  49   123    14     5646     16540    194156   7       2623    0       ja
  50   126    14     5783     16557    194156   16      2616    1       ja
  51   126    14     5918     16571    194388   6       2611    0       ja
  52   126    14     6038     16585    194376   8       2659    0       ja
  53   126    14     6143     16598    194608   9       2619    0       ja
  54   126    14     6263     16612    194596   7       2632    0       ja
  55   126    14     6399     16626    194588   10      2647    1       ja
  56   126    14     6551     16640    195080   8       2639    0       ja
  57   126    14     6671     16654    195068   6       2615    0       ja
  58   126    14     6791     16667    195056   9       2616    0       ja
  59   126    14     6927     16681    195288   9       2606    1       ja
  60   127    14     7047     16698    195276   6       2616    0       ja
  61   127    14     7184     16711    195264   8       2622    0       ja
  62   127    14     7303     16725    195496   5       2607    1       ja
  63   127    14     7407     16739    195484   7       2619    1       ja
  64   127    14     7544     16753    195716   7       2619    0       ja
  65   127    14     7664     16767    195704   7       2610    0       ja
  66   127    14     7816     16780    195696   7       2632    0       ja
  67   127    14     7920     16794    195928   7       2606    0       ja
  68   127    14     8056     16808    195916   6       2610    1       ja
  69   127    14     8177     16822    195904   6       2621    1       ja
  70   127    14     8312     16838    196136   24      2620    0       ja
  71   127    14     8448     16851    196124   13      2610    1       ja
  72   127    14     8585     16865    196116   6       2614    1       ja
  73   127    14     8672     16879    196344   9       2617    0       ja
  74   127    14     8808     16893    196336   10      2639    0       ja
  75   127    14     8929     16907    196568   5       2649    1       ja
  76   127    14     9065     16921    196824   5       2634    1       ja
  77   127    14     9200     16934    196816   8       2611    0       ja
  78   127    14     5145     16503    193952   7       2631    0       ja
  79   127    14     5265     16517    193940   8       2605    0       ja
  80   127    14     5418     16533    193928   54      2612    0       ja
  81   127    14     5538     16546    194156   7       2612    0       ja
  82   127    14     5675     16560    194464   5       2610    0       ja
  83   127    14     5779     16574    194452   5       2619    1       ja
  84   127    14     5899     16587    194680   9       2634    1       ja
  85   127    14     6019     16601    194672   9       2613    1       ja
  86   127    14     6155     16615    194904   8       2606    1       ja
  87   127    14     6275     16629    194892   8       2606    0       ja
  88   127    14     6396     16642    194880   9       2619    0       ja
  89   127    14     6515     16656    195116   6       2650    0       ja
  90   127    14     6668     16672    195104   6       2609    0       ja
  91   127    14     6804     16686    195092   9       2618    0       ja
  92   127    14     6924     16699    195320   8       2641    1       ja
  93   127    14     7060     16713    195312   5       2604    0       ja
  94   127    14     7180     16727    195300   7       2619    0       ja
  95   127    14     7300     16741    195528   5       2628    0       ja
  96   127    14     7420     16754    195780   9       2648    1       ja
  97   127    14     7540     16768    196016   6       2606    1       ja
  98   127    14     7660     16782    196008   9       2604    1       ja
  99   127    14     7781     16796    195996   8       2622    0       ja
  100  127    14     7916     16812    196228   27      2619    1       ja
  101  127    14     8052     16826    196216   7       2610    1       ja
  102  127    14     8189     16839    196204   9       2608    1       ja
  103  127    14     8308     16853    196432   8       2622    0       ja
  104  127    14     8445     16867    196424   5       2615    0       ja
  105  127    14     8565     16881    196656   9       2608    0       ja
  106  127    14     8685     16894    196644   8       2637    0       ja
  107  127    14     8789     16908    196632   8       2675    0       ja
  108  127    14     8925     16922    196864   8       2615    0       ja
  109  127    14     9045     16936    196852   9       2674    0       ja
  110  127    14     9198     16951    196840   7       2610    0       ja
  111  127    14     5052     16523    193652   7       2617    0       ja
  112  127    14     5172     16536    193640   8       2607    0       ja
  113  127    14     5293     16550    193868   6       2618    1       ja
  114  127    14     5397     16564    193856   9       2614    1       ja
  115  127    14     5518     16577    194108   9       2616    0       ja
  116  127    14     5654     16591    194340   5       2649    1       ja
  117  127    14     5774     16605    194328   8       2614    0       ja
  118  127    14     5879     16619    194316   6       2603    0       ja
  119  127    14     5998     16633    194540   8       2659    1       ja
  120  127    14     6150     16648    194528   41      2634    0       ja
  121  127    14     6271     16662    194520   6       2620    0       ja
  122  127    14     6390     16676    194748   5       2622    0       ja
  123  127    14     6558     16689    194740   9       2614    0       ja
  124  127    14     6679     16703    194972   7       2619    0       ja
  125  127    14     6799     16717    194960   6       2666    0       ja
  126  127    14     6919     16731    194948   18      2621    1       ja
  127  127    14     7039     16744    195184   8       2608    1       ja
  128  127    14     7159     16758    195172   7       2610    0       ja
  129  127    14     7280     16772    195160   6       2614    0       ja
  130  127    14     7415     16788    195384   7       2637    0       ja
  131  127    14     7551     16801    195372   7       2615    0       ja
  132  127    14     7688     16815    195360   5       2613    0       ja
  133  127    14     7807     16829    195588   6       2621    0       ja
  134  127    14     7960     16843    195580   5       2607    0       ja
  135  127    14     8080     16856    196076   9       2633    1       ja
  136  127    14     8200     16870    196064   8       2620    1       ja
  137  127    14     8304     16884    196052   12      2617    1       ja
  138  127    14     8440     16897    196284   6       2616    0       ja
  139  127    14     8560     16911    196272   6       2624    0       ja
  140  127    14     8697     16927    196264   17      2625    1       ja
  141  127    14     8816     16941    196500   7       2609    1       ja
  142  127    14     8952     16954    196488   8       2607    0       ja
  143  127    15     9089     16944    196476   10      2604    1       ja
  144  127    15     9225     16958    196704   7       2632    0       ja
  145  127    15     9361     16972    196696   7       2632    0       ja
  146  127    15     9497     16985    196928   5       2610    0       ja
  147  127    15     9601     16999    196916   10      2624    1       ja
  148  127    15     9737     17013    196904   7       2607    1       ja
  149  127    15     5217     16526    193832   8       2624    0       ja
  150  127    15     5385     16542    193820   6       2634    1       ja
  151  127    15     5489     16556    193808   5       2651    0       ja
  152  127    15     5610     16569    194036   6       2632    0       ja
  153  127    15     5730     16583    194028   6       2609    0       ja
  154  127    15     5835     16597    194016   5       2630    0       ja
  155  127    15     5971     16611    194508   9       2676    0       ja
  156  127    15     6090     16624    194496   8       2612    0       ja
  157  127    15     6211     16638    194732   6       2613    1       ja
  158  127    15     6315     16652    194720   8       2620    1       ja
  159  127    15     6467     16665    194708   8       2612    1       ja
  160  127    15     6587     16681    194944   21      2655    0       ja
  161  127    15     6739     16695    194936   13      2608    0       ja
  162  127    15     6859     16709    194924   5       2605    1       ja
  163  127    15     6996     16722    195152   8       2623    1       ja
  164  127    15     7099     16736    195144   14      2623    0       ja
  165  127    15     7235     16750    195132   9       2665    1       ja
  166  127    15     7372     16764    195360   5       2669    0       ja
  167  127    15     7492     16777    195348   5       2607    0       ja
  168  127    15     7596     16791    195584   8       2607    0       ja
  169  127    15     7732     16805    195572   6       2611    0       ja
  170  127    15     7868     16820    195560   19      2615    0       ja
  171  127    15     7988     16834    195792   10      2622    0       ja
  172  127    15     8140     16848    195784   12      2635    0       ja
  173  127    15     8260     16862    195772   9       2660    0       ja
  174  127    15     8365     16875    196000   12      2605    1       ja
  175  127    15     8500     16889    195992   9       2633    0       ja
  176  127    15     8636     16903    196244   16      2625    0       ja
  177  127    15     8773     16917    196472   10      2613    0       ja
  178  127    15     8893     16930    196460   8       2665    0       ja
  179  127    15     9029     16944    196696   9       2626    1       ja
  180  127    15     9149     16960    196684   43      2611    0       ja
  181  127    15     9269     16973    196672   6       2632    0       ja
  182  127    15     9405     16987    196904   8       2638    1       ja
  183  127    15     9525     17001    196896   9       2621    1       ja
  184  127    15     9661     17014    196884   9       2607    0       ja
  185  127    15     9798     17028    197056   8       2618    0       ja
  186  127    15     5143     16509    193352   10      2612    0       ja
  187  127    15     5263     16523    193580   8       2609    0       ja
  188  127    15     5399     16537    193568   8       2603    1       ja
  189  127    15     5504     16550    193556   6       2618    1       ja
  190  127    15     5672     16566    193792   6       2624    1       ja
  191  127    15     5777     16580    193780   6       2607    0       ja
  192  127    15     5913     16594    193768   9       2643    1       ja
  193  127    15     6032     16607    193996   7       2608    1       ja
  194  127    15     6169     16621    193988   6       2618    1       ja
  195  127    15     6273     16635    194484   7       2619    0       ja
  196  127    15     6393     16648    194736   17      2614    1       ja
  197  127    15     6513     16662    194724   9       2610    0       ja
  198  127    15     6681     16676    194960   8       2609    1       ja
  199  127    15     6785     16690    194948   8       2644    0       ja
  200  127    15     6938     16705    194936   20      2631    0       ja
  201  127    15     7057     16719    195168   7       2611    1       ja
  202  127    15     7177     16733    195156   5       2605    0       ja
  203  127    15     7298     16746    195144   7       2610    0       ja
  204  127    15     7433     16760    195368   5       2607    0       ja
  205  127    15     7538     16774    195360   9       2654    0       ja
  206  127    15     7674     16788    195592   16      2619    0       ja
  207  127    15     7794     16801    195580   6       2617    0       ja
  208  127    15     7914     16815    195568   5       2609    1       ja
  209  127    15     8034     16829    195800   11      2612    0       ja
  210  127    15     8202     16845    195788   21      2604    0       ja
  211  127    15     8307     16858    195776   5       2624    0       ja
  212  127    15     8442     16872    196012   7       2614    0       ja
  213  127    15     8562     16885    195836   9       2604    1       ja
  214  127    15     8683     16899    195824   5       2601    0       ja
  215  127    15     8803     16913    196052   5       2605    1       ja
  216  127    15     8923     16926    196308   5       2612    0       ja
  217  127    15     9059     16940    196296   7       2607    0       ja
  218  127    15     9179     16954    196524   5       2601    0       ja
  219  127    15     9299     16968    196512   7       2599    0       ja
  220  127    15     9435     16983    196736   5       2599    0       ja
  221  127    15     9555     16997    196724   6       2615    0       ja
  222  127    15     9692     17011    196712   6       2612    0       ja
  223  127    15     9827     17024    196944   6       2601    0       ja
  224  127    15     9963     17038    197060   5       2606    0       ja
  225  127    15     5382     16542    193744   6       2608    0       ja
  226  127    15     5503     16555    193732   5       2618    1       ja
  227  127    15     5639     16569    193720   5       2600    0       ja
  228  127    15     5744     16583    193948   6       2603    0       ja
  229  127    15     5864     16596    193936   9       2610    0       ja
  230  127    15     6016     16613    194168   5       2616    0       ja
  231  127    15     6153     16627    194156   7       2616    0       ja
  232  127    15     6272     16640    194148   10      2658    1       ja
  233  127    15     6393     16654    194380   9       2608    1       ja
  234  127    15     6513     16668    194368   8       2615    0       ja
  235  127    15     6632     16681    194356   7       2609    1       ja
  236  127    15     6769     16695    194588   5       2642    0       ja
  237  127    15     6905     16709    194840   8       2606    1       ja
  238  127    15     7009     16723    194832   6       2616    1       ja
  239  127    15     7129     16736    195060   18      2608    0       ja
  240  127    15     7281     16752    195052   5       2605    0       ja
  241  127    15     7401     16766    195284   14      2622    0       ja
  242  127    15     7538     16779    195272   9       2634    1       ja
  243  127    15     7673     16793    195264   16      2617    1       ja
  244  127    15     7793     16807    195496   6       2612    0       ja
  245  127    15     7914     16820    195484   7       2609    0       ja
  246  127    15     8049     16834    195472   9       2639    0       ja
  247  127    15     8170     16848    195700   9       2607    0       ja
  248  127    15     8274     16862    195688   6       2637    0       ja
  249  127    15     8411     16875    195676   6       2651    1       ja
  250  127    15     8562     16891    195916   6       2613    0       ja
  251  127    15     8698     16905    195908   9       2605    0       ja
  252  127    15     8818     16919    196140   6       2644    1       ja
  253  127    15     8939     16933    196128   15      2614    1       ja
  254  127    15     9043     16947    196120   8       2607    0       ja
  255  127    15     9195     16960    196352   6       2631    1       ja
  256  127    15     9332     16974    196340   9       2621    1       ja
  257  127    15     9452     16988    196596   8       2610    0       ja
  258  127    15     9555     17001    196828   6       2662    1       ja
  259  127    15     9692     17015    196816   10      2609    1       ja
  260  127    15     9812     17031    196804   6       2607    0       ja
  261  127    15     9979     17045    197156   13      2620    0       ja
  262  127    15     5577     16574    193664   6       2644    0       ja
  263  127    15     5697     16588    193900   15      2620    0       ja
  264  127    15     5833     16602    193888   8       2615    1       ja
  265  127    15     5938     16615    193880   8       2677    0       ja
  266  127    15     6058     16629    194108   6       2606    0       ja
  267  127    15     6194     16643    194096   10      2621    0       ja
  268  127    15     6315     16657    194040   8       2605    1       ja
  269  127    15     6434     16670    194276   7       2620    0       ja
  270  127    15     6587     16686    194264   26      2620    0       ja
  271  127    15     6707     16699    194496   16      2619    0       ja
  272  127    15     6826     16713    194484   6       2617    0       ja
  273  127    15     6963     16727    194476   5       2620    0       ja
  274  127    15     7115     16741    194952   7       2607    1       ja
  275  127    15     7220     16754    194940   6       2613    0       ja
  276  127    15     7339     16768    194928   7       2611    0       ja
  277  127    15     7475     16782    195160   6       2629    0       ja
  278  127    15     7612     16795    195148   6       2624    0       ja
  279  127    15     7716     16809    195136   6       2645    1       ja
  280  127    15     7883     16825    195364   7       2615    1       ja
  281  127    15     7988     16839    195352   8       2618    1       ja
  282  127    15     8108     16853    195584   15      2607    0       ja
  283  127    15     8243     16866    195572   10      2652    0       ja
  284  127    15     8380     16840    195564   9       2618    0       ja
  285  127    15     8500     16854    195792   4       2611    0       ja
  286  127    15     8621     16868    195780   7       2619    1       ja
  287  127    15     8740     16881    195768   10      2612    1       ja
  288  127    15     8876     16895    196004   7       2613    0       ja
  289  127    15     8981     16909    195992   8       2621    1       ja
  290  127    15     9133     16924    195980   21      2621    0       ja
  291  127    15     9252     16938    196468   7       2620    0       ja
  292  127    15     9373     16952    196456   9       2608    0       ja
  293  127    15     9525     16966    196952   7       2614    1       ja
  294  127    15     9645     16979    196940   5       2627    0       ja
  295  127    15     9749     16993    196932   8       2618    1       ja
  296  127    15     9869     17007    197164   10      2606    0       ja
  297  127    15     5199     16491    193384   7       2608    0       ja
  298  127    15     5351     16505    193376   7       2612    1       ja
  299  127    15     5471     16518    193600   7       2668    0       ja
  300  127    15     5624     16534    193592   28      2614    0       ja
  301  127    15     5744     16548    193584   9       2631    0       ja
  302  127    15     5864     16562    193812   9       2614    0       ja
  303  127    15     5985     16575    193800   5       2616    0       ja
  304  127    15     6121     16589    194032   6       2608    0       ja
  305  127    15     6241     16603    194336   8       2609    0       ja
  306  127    15     6362     16616    194324   6       2631    0       ja
  307  127    15     6498     16630    194556   7       2610    0       ja
  308  127    15     6602     16644    194544   8       2613    0       ja
  309  127    15     6754     16658    194536   7       2653    0       ja
  310  127    15     6906     16674    194788   37      2611    1       ja
  311  127    15     7026     16688    194776   5       2623    0       ja
  312  127    15     7146     16702    194768   8       2631    1       ja
  313  127    15     7266     16715    194996   6       2615    1       ja
  314  127    15     7370     16729    195256   9       2608    0       ja
  315  127    15     7507     16743    195488   9       2607    0       ja
  316  127    15     7642     16756    195480   10      2615    0       ja
  317  127    15     7747     16770    195468   17      2616    0       ja
  318  127    15     7867     16784    195700   5       2606    0       ja
  319  127    15     8002     16797    195688   8       2682    1       ja
  320  127    15     8123     16813    195680   41      2612    0       ja
  321  127    15     8291     16827    195912   5       2605    0       ja
  322  127    15     8411     16841    195900   8       2647    1       ja
  323  127    15     8548     16854    195888   8       2609    1       ja
  324  127    15     8668     16868    196120   9       2622    1       ja
  325  127    15     8788     16882    196108   14      2614    0       ja
  326  127    15     8908     16896    196096   7       2613    0       ja
  327  127    15     9044     16909    196328   10      2617    0       ja
  328  127    15     9164     16923    196316   9       2620    0       ja
  329  127    15     9284     16937    196548   7       2665    1       ja
  330  127    15     9420     16953    196540   30      2625    0       ja
  331  127    15     9540     16966    196532   8       2608    0       ja
  332  127    15     9661     16980    196764   5       2630    0       ja
  333  127    15     9797     16994    197012   9       2605    1       ja
  334  127    15     9901     17007    197272   9       2618    0       ja
  335  127    15     10053    17021    197628   8       2632    0       ja
  336  127    15     5484     16533    194140   7       2669    1       ja
  337  127    15     5605     16546    194372   16      2616    0       ja
  338  127    15     5725     16560    194360   8       2611    0       ja
  339  127    15     5830     16574    194348   7       2632    0       ja
  340  127    15     5998     16590    194588   18      2625    1       ja
  341  127    15     6102     16603    194576   9       2618    0       ja
  342  127    15     6239     16617    194564   7       2617    0       ja
  343  127    15     6358     16631    194796   9       2623    0       ja
  344  127    15     6494     16645    194784   7       2624    1       ja
  345  127    15     6599     16658    194772   10      2620    1       ja
  346  127    15     6750     16672    194996   6       2612    0       ja
  347  127    15     6871     16686    194988   18      2630    1       ja
  348  127    15     7007     16699    195220   8       2623    0       ja
  349  127    15     7111     16713    195208   8       2621    1       ja
  350  127    15     7263     16729    195196   46      2620    0       ja
  351  127    15     7383     16743    195432   9       2620    1       ja
  352  127    15     7503     16756    195420   8       2611    0       ja
  353  127    15     7624     16770    195408   9       2614    1       ja
  354  127    15     7759     16784    195904   6       2674    0       ja
  355  127    15     7879     16798    195892   10      2616    0       ja
  356  127    15     8016     16811    195880   22      2624    0       ja
  357  127    15     8136     16825    196108   9       2621    1       ja
  358  127    15     8256     16839    196100   5       2633    0       ja
  359  127    15     8408     16852    196332   8       2608    0       ja
  360  127    15     8544     16868    196324   17      2623    1       ja
  361  127    15     8664     16882    196312   9       2609    0       ja
  362  127    15     8800     16896    196548   8       2643    0       ja
  363  127    15     8920     16910    196536   7       2624    1       ja
  364  127    15     9041     16923    196524   6       2606    0       ja
  365  127    15     9144     16937    196752   8       2620    0       ja
  366  127    15     9280     16951    196744   8       2615    0       ja
  367  127    15     9401     16964    196732   5       2624    0       ja
  368  127    15     9521     16978    196960   7       2612    0       ja
  369  127    15     9656     16992    196952   31      2651    0       ja
  370  127    15     9793     17007    197184   7       2608    1       ja
  371  127    15     9945     17021    197172   9       2621    0       ja
  372  127    15     10065    17038    197100   6       2610    1       ja
  373  127    15     5363     16561    193604   8       2610    1       ja
  374  127    15     5484     16575    193856   11      2619    1       ja
  375  127    15     5620     16588    194088   10      2606    0       ja
  376  127    15     5741     16602    194076   8       2632    0       ja
  377  127    15     5861     16616    194068   8       2618    1       ja
  378  127    15     5981     16630    194296   8       2614    0       ja
  379  127    15     6102     16643    194284   5       2622    0       ja
  380  127    15     6269     16659    194276   41      2609    0       ja
  381  127    15     6405     16673    194776   6       2630    0       ja
  382  127    15     6510     16686    194764   8       2617    0       ja
  383  127    15     6630     16700    194752   7       2637    1       ja
  384  127    15     6767     16714    194980   5       2613    1       ja
  385  127    15     6903     16728    194972   8       2631    0       ja
  386  127    15     7007     16741    194960   7       2640    0       ja
  387  127    15     7127     16755    195188   8       2625    0       ja
  388  127    15     7247     16769    195180   5       2619    0       ja
  389  127    15     7383     16782    195412   7       2611    0       ja
  390  127    15     7503     16798    195404   15      2645    0       ja
  391  127    15     7639     16812    195396   9       2617    0       ja
  392  127    15     7743     16826    195632   8       2613    1       ja
  393  127    15     7864     16840    195620   8       2618    0       ja
  394  127    15     8016     16853    195608   6       2616    0       ja
  395  127    15     8136     16867    196100   6       2609    1       ja
  396  127    15     8288     16881    196092   7       2628    0       ja
  397  127    15     8408     16895    196084   9       2607    1       ja
  398  127    15     8528     16908    196312   6       2628    1       ja
  399  127    15     8632     16922    196300   14      2610    0       ja
  400  127    15     8784     16938    196792   15      2611    1       ja
  401  127    15     8904     16951    196780   10      2618    0       ja
  402  127    15     9041     16965    196768   6       2611    1       ja
  403  127    15     9160     16979    197004   7       2640    1       ja
  404  127    15     9280     16992    196992   6       2619    1       ja
  405  127    15     9385     17006    196980   9       2619    0       ja
  406  127    15     9520     17020    197208   5       2610    1       ja
  407  127    15     9641     17033    197200   11      2616    0       ja
  408  127    15     9793     17047    197188   21      2609    0       ja
  409  127    15     9897     17061    197416   7       2631    0       ja
  410  127    15     10049    17076    197404   17      2611    0       ja
  411  127    15     10185    17090    197640   5       2616    1       ja
  412  127    15     10305    17104    197628   5       2620    1       ja
  413  127    15     10442    17118    197740   9       2623    0       ja
  414  127    15     5640     16596    194328   8       2621    0       ja
  415  127    15     5760     16610    194316   6       2612    0       ja
  416  127    15     5896     16623    194568   6       2670    1       ja
  417  127    15     6001     16637    194800   9       2658    1       ja
  418  127    15     6121     16651    194788   10      2624    0       ja
  419  127    15     6242     16664    195020   6       2626    0       ja
  420  127    15     6394     16680    195016   19      2703    0       ja
  421  127    15     6514     16694    195008   5       2648    0       ja
  422  127    15     6650     16708    195240   25      2607    0       ja
  423  127    15     6770     16722    195228   6       2620    0       ja
  424  127    15     6890     16735    195216   6       2624    0       ja
  425  127    15     7027     16749    195452   9       2639    1       ja
  426  127    15     7163     16763    195440   6       2633    1       ja
  427  127    15     7284     16777    195428   10      2618    1       ja
  428  127    15     7387     16790    195656   10      2611    0       ja
  429  127    15     7523     16804    195648   8       2624    0       ja
  430  127    15     7660     16820    195880   19      2623    0       ja
  431  127    15     7796     16833    195868   15      2605    0       ja
  432  127    15     7915     16847    195864   9       2617    0       ja
  433  127    15     8036     16861    196096   10      2634    0       ja
  434  127    15     8156     16875    196092   6       2609    0       ja
  435  127    15     8292     16889    196080   5       2631    0       ja
  436  127    15     8412     16902    196576   11      2612    1       ja
  437  127    15     8516     16916    196564   5       2641    0       ja
  438  127    15     8685     16930    196552   8       2665    0       ja
  439  127    15     8804     16943    196780   6       2614    1       ja
  440  127    15     8956     16959    196780   22      2629    0       ja
  441  127    15     9077     16973    197008   5       2631    0       ja
  442  127    15     9197     16987    196996   15      2621    0       ja
  443  127    15     9300     17000    196984   5       2632    1       ja
  444  127    15     9453     17014    197220   6       2611    0       ja
  445  127    15     9573     17028    197208   10      2618    0       ja
  446  127    15     9693     17000    197196   6       2606    1       ja
  447  127    15     9797     17014    197428   8       2653    0       ja
  448  127    15     9933     17028    197420   5       2613    0       ja
  449  127    15     10069    17042    197408   6       2612    0       ja
  450  127    15     10205    17057    197652   16      2636    0       ja
  451  127    15     10325    17071    197644   6       2621    1       ja
  452  127    15     5335     16510    193924   7       2668    1       ja
  453  127    15     5535     16524    193916   8       2629    0       ja
  454  127    15     5655     16538    193904   8       2611    0       ja
  455  127    15     5776     16551    194404   6       2612    0       ja
  456  127    15     5880     16565    194396   6       2622    0       ja
  457  127    15     6016     16579    194384   9       2614    0       ja
  458  127    15     6137     16592    194612   5       2622    1       ja
  459  127    15     6257     16606    194600   12      2609    0       ja
  460  127    15     6409     16622    194596   19      2616    0       ja
  461  127    15     6545     16636    194824   7       2664    1       ja
  462  127    15     6649     16649    194812   20      2652    0       ja
  463  127    15     6769     16663    195044   8       2632    1       ja
  464  127    15     6921     16677    195036   9       2623    0       ja
  465  127    15     7041     16690    195024   6       2618    0       ja
  466  127    15     7146     16704    195256   9       2639    1       ja
  467  127    15     7281     16718    195244   8       2620    0       ja
  468  127    15     7417     16731    195236   6       2609    0       ja
  469  127    15     7538     16745    195464   8       2626    0       ja
  470  127    15     7690     16761    195452   23      2610    0       ja
  471  127    15     7809     16774    195444   7       2622    1       ja
  472  127    15     7914     16788    195672   6       2619    0       ja
  473  127    15     8034     16802    195660   8       2659    0       ja
  474  127    15     8170     16816    195648   8       2614    0       ja
  475  127    15     8290     16829    195880   5       2629    1       ja
  476  127    15     8410     16843    196132   8       2622    0       ja
  477  127    15     8531     16857    196364   8       2631    0       ja
  478  127    15     8682     16870    196352   5       2624    0       ja
  479  127    15     8818     16884    196352   5       2626    0       ja
  480  127    15     8955     16900    196584   61      2645    0       ja
  481  127    15     9075     16914    196572   5       2619    1       ja
  482  127    15     9178     16927    196564   16      2607    0       ja
  483  127    15     9315     16941    196792   11      2615    0       ja
  484  127    15     9435     16955    196780   5       2610    0       ja
  485  127    15     9588     16968    197032   6       2629    1       ja
  486  127    15     9691     16982    197264   6       2686    0       ja
  487  127    15     9811     16996    197252   9       2616    0       ja
  488  127    15     9948     17009    197484   5       2620    0       ja
  489  127    15     10067    17023    197472   6       2632    1       ja
  490  127    15     10203    17039    197464   36      2620    0       ja
  491  127    15     10324    17053    197696   8       2615    0       ja
  492  127    15     5606     16554    194192   9       2623    0       ja
  493  127    15     5726     16568    194180   5       2610    0       ja
  494  127    15     5846     16581    194404   9       2675    0       ja
  495  127    15     5951     16595    194392   9       2622    0       ja
  496  127    15     6071     16609    194892   10      2616    0       ja
  497  127    15     6224     16622    194880   11      2633    0       ja
  498  127    15     6344     16638    194868   5       2615    0       ja
  499  127    15     6448     16650    195096   6       2611    1       ja
  500  127    15     6616     16665    195696   5       2609    0       ja
  501  127    15     6720     16679    195684   11      2618    1       ja
  502  127    15     6840     16693    195908   6       2605    0       ja
  503  127    15     6960     16706    195896   16      2622    1       ja
  504  127    15     7112     16720    195888   9       2609    0       ja
  505  127    15     7232     16734    196116   8       2613    0       ja
  506  127    15     7369     16748    196104   7       2611    0       ja
  507  127    15     7488     16761    196336   6       2612    0       ja
  508  127    15     7608     16775    196328   6       2609    1       ja
  509  127    15     7729     16789    196316   6       2600    0       ja
  510  127    15     7881     16805    196540   15      2602    0       ja
  511  127    15     7984     16818    196532   5       2599    0       ja
  512  127    15     8121     16832    196520   6       2613    0       ja
  513  127    15     8257     16846    196744   5       2604    0       ja
  514  127    15     8377     16859    196732   5       2600    1       ja
  515  127    15     8497     16873    196988   6       2608    0       ja
  516  127    15     8633     16887    197488   6       2614    0       ja
  517  127    15     8754     16900    197476   5       2601    0       ja
  518  127    15     8857     16914    197708   4       2601    0       ja
  519  127    15     8993     16928    197700   7       2601    0       ja
  520  127    15     9130     16944    197688   18      2616    0       ja
  521  127    15     9266     16957    197920   6       2607    0       ja
  522  127    15     9385     16971    197912   5       2613    0       ja
  523  127    15     9506     16985    197900   5       2610    0       ja
  524  127    15     9642     16999    198128   6       2614    1       ja
  525  127    15     9779     17012    198116   5       2605    0       ja
  526  127    15     9898     17026    198108   7       2623    0       ja
  527  127    15     10018    17040    198336   16      2612    0       ja
  528  127    15     10139    17053    198324   9       2630    1       ja
  529  127    15     10274    17067    198312   8       2607    1       ja
  530  127    15     10394    17083    198488   15      2616    0       ja
  531  127    15     5547     16584    194636   7       2619    0       ja
  532  127    15     5668     16597    194868   9       2641    0       ja
  533  127    15     5788     16611    194856   9       2658    0       ja
  534  127    15     5908     16625    194844   7       2624    0       ja
  535  127    15     6029     16638    195076   9       2619    1       ja
  536  127    15     6149     16652    195332   9       2669    1       ja
  537  127    15     6270     16666    195564   10      2608    0       ja
  538  127    15     6389     16680    195552   9       2613    1       ja
  539  127    15     6509     16693    195544   9       2615    0       ja
  540  127    15     6662     16709    195772   15      2610    0       ja
  541  127    15     6782     16723    195760   16      2612    1       ja
  542  127    15     6901     16736    195748   7       2608    1       ja
  543  127    15     7070     16750    195980   5       2608    0       ja
  544  127    15     7190     16764    195968   9       2636    1       ja
  545  127    15     7310     16777    195956   9       2613    1       ja
  546  127    15     7430     16791    196188   10      2610    0       ja
  547  127    15     7566     16805    196176   12      2605    0       ja
  548  127    15     7670     16819    196408   9       2602    0       ja
  549  127    15     7791     16832    196396   11      2618    0       ja
  550  127    15     7926     16848    196388   20      2628    0       ja
  551  127    15     8063     16862    196620   9       2606    1       ja
  552  127    15     8199     16876    196608   6       2606    0       ja
  553  127    15     8303     16890    196596   5       2698    1       ja
  554  127    15     8455     16903    196828   14      2622    0       ja
  555  127    15     8591     16917    196816   6       2630    0       ja
  556  127    15     8711     16931    196804   6       2705    0       ja
  557  127    15     8847     16945    197296   16      2622    0       ja
  558  127    15     8951     16958    197284   13      2614    0       ja
  559  127    15     9071     16972    197516   7       2610    0       ja
  560  127    15     9208     16988    197504   23      2624    1       ja
  561  127    15     9327     17001    197496   11      2614    0       ja
  562  127    15     9464     17015    197728   7       2608    1       ja
  563  127    15     9600     17029    197716   11      2605    0       ja
  564  127    15     9719     17042    197704   10      2622    0       ja
  565  127    15     9840     17056    197928   7       2606    1       ja
  566  127    15     9976     17070    197916   10      2622    0       ja
  567  127    15     10097    17084    198148   14      2612    0       ja
  568  127    15     10216    17097    198140   9       2608    1       ja
  569  127    15     10352    17111    198132   10      2628    0       ja
  570  127    15     10488    17127    198368   29      2620    0       ja
  571  127    15     10609    17141    198356   7       2614    0       ja
  572  127    15     10745    17155    198348   15      2606    1       ja
  573  127    15     5769     16619    194928   10      2607    1       ja
  574  127    15     5889     16632    194916   10      2609    1       ja
  575  127    15     6010     16646    195168   14      2622    0       ja
  576  127    15     6114     16660    195396   8       2619    0       ja
  577  127    15     6250     16673    195388   7       2620    0       ja
  578  127    15     6371     16687    195884   9       2612    0       ja
  579  127    15     6507     16701    195872   7       2644    1       ja
  580  127    15     6658     16716    195864   19      2607    0       ja
  581  127    15     6795     16730    196096   5       2620    0       ja
  582  127    15     6915     16744    196084   7       2616    0       ja
  583  127    15     7036     16757    196072   8       2606    0       ja
  584  127    15     7155     16771    196304   7       2624    0       ja
  585  127    15     7291     16785    196292   9       2609    0       ja
  586  127    15     7396     16798    196280   15      2630    0       ja
  587  127    15     7531     16812    196508   7       2619    0       ja
  588  127    15     7651     16826    196500   6       2608    0       ja
  589  127    15     7788     16840    196732   7       2660    0       ja
  590  127    15     7924     16855    196724   18      2611    0       ja
  591  127    15     8044     16869    196712   11      2608    0       ja
  592  127    15     8164     16883    196948   7       2632    1       ja
  593  127    15     8284     16897    196936   8       2699    1       ja
  594  127    15     8405     16910    196924   7       2610    0       ja
  595  127    15     8524     16924    197156   6       2607    1       ja
  596  127    15     8676     16938    197144   7       2610    0       ja
  597  127    15     8813     16951    197132   8       2621    0       ja
  598  127    15     8933     16965    197624   11      2603    0       ja
  599  127    15     9037     16979    197616   12      2617    0       ja
  600  127    15     9189     16994    198140   18      2652    0       ja
  601  127    15     9325     17008    198128   10      2619    0       ja
  602  127    15     9429     17022    198116   6       2624    0       ja
  603  127    15     9565     17036    198352   8       2655    1       ja
  604  127    15     9685     17050    198340   15      2608    0       ja
  605  127    15     9790     17063    198328   10      2605    1       ja
  606  127    15     9909     17077    198556   11      2611    1       ja
  607  127    15     10045    17091    198552   8       2634    1       ja
  608  127    15     10182    17104    198540   6       2605    0       ja
  609  127    15     10302    17118    198768   8       2672    0       ja
  610  127    15     10453    17084    198764   35      2623    0       ja
  611  127    15     10574    17098    198996   10      2609    0       ja
  612  127    15     10694    17112    198984   8       2606    1       ja
  613  127    15     5601     16525    194880   9       2621    1       ja
  614  127    15     5737     16538    195116   32      2650    0       ja
  615  127    15     5857     16552    195104   13      2608    0       ja
  616  127    15     5961     16566    195092   5       2612    1       ja
  617  127    15     6082     16580    195324   12      2615    1       ja
  618  127    15     6218     16593    195576   10      2608    0       ja
  619  127    15     6339     16607    195564   7       2615    0       ja
  620  127    15     6506     16623    195796   17      2615    1       ja
  621  127    15     6626     16637    195788   10      2626    1       ja
  622  127    15     6731     16650    196020   8       2611    1       ja
  623  127    15     6851     16664    196008   5       2607    0       ja
  624  127    15     6971     16678    195996   4       2624    0       ja
  625  127    15     7123     16691    196232   10      2613    1       ja
  626  127    15     7227     16705    196220   17      2610    1       ja
  627  127    15     7348     16719    196208   9       2622    0       ja
  628  127    15     7467     16732    196436   5       2604    0       ja
  629  127    15     7619     16746    196428   5       2606    1       ja
  630  127    15     7756     16762    196416   5       2620    0       ja
  631  127    15     7908     16775    196644   10      2616    0       ja
  632  127    15     8011     16789    196636   6       2608    0       ja
  633  127    15     8132     16803    196868   10      2606    1       ja
  634  127    15     8252     16817    196856   13      2606    0       ja
  635  127    15     8403     16830    196844   11      2605    1       ja
  636  127    15     8508     16844    197076   9       2617    0       ja
  637  127    15     8644     16858    197064   5       2657    1       ja
  638  127    15     8765     16871    197316   6       2621    0       ja
  639  127    15     8868     16885    197544   10      2605    1       ja
  640  127    15     9020     16901    197536   6       2625    1       ja
  641  127    15     9157     16914    197524   10      2615    1       ja
  642  127    15     9261     16928    197752   7       2663    1       ja
  643  127    15     9380     16942    197744   9       2620    0       ja
  644  127    15     9501     16956    197976   5       2621    0       ja
  645  127    15     9621     16969    197964   9       2618    0       ja
  646  127    15     9757     16983    197952   5       2623    0       ja
  647  127    15     9909     16997    198452   9       2645    0       ja
  648  127    15     10045    17010    198440   7       2619    0       ja
  649  127    15     10150    17024    198428   9       2631    1       ja
  650  127    15     10301    17040    198664   18      2638    1       ja
  651  127    15     10421    17054    198656   5       2605    0       ja
  652  127    15     10542    17067    198644   10      2617    0       ja
  653  127    15     10662    17081    198872   16      2639    1       ja
  654  127    15     10781    17095    198860   9       2608    0       ja
  655  127    15     5807     16560    195468   10      2614    0       ja
  656  127    15     5944     16573    195456   11      2642    0       ja
  657  127    15     6080     16587    195444   10      2608    0       ja
  658  127    15     6185     16601    195672   5       2603    0       ja
  659  127    15     6305     16614    195928   9       2622    1       ja
  660  127    15     6457     16632    196032   6       2612    0       ja
  661  127    15     6594     16646    196260   14      2618    0       ja
  662  127    15     6729     16660    196248   14      2644    1       ja
  663  127    15     6865     16673    196484   14      2636    0       ja
  664  127    15     6970     16687    196472   17      2617    1       ja
  665  127    15     7090     16701    196460   6       2628    0       ja
  666  127    15     7209     16715    196696   16      2606    1       ja
  667  127    15     7362     16728    196684   11      2622    0       ja
  668  127    15     7482     16742    196672   8       2608    1       ja
  669  127    15     7603     16756    196900   8       2621    1       ja
  670  127    15     7738     16771    196892   21      2639    2       ja
  671  127    15     7858     16785    196880   20      2606    0       ja
  672  127    15     7995     16799    197108   5       2623    0       ja
  673  127    15     8114     16812    197096   11      2606    0       ja
  674  127    15     8234     16826    197332   16      2635    0       ja
  675  127    15     8355     16840    197320   14      2628    0       ja
  676  127    15     8475     16854    197308   14      2610    0       ja
  677  127    15     8595     16867    197540   5       2661    1       ja
  678  127    15     8731     16881    197532   13      2615    0       ja
  679  127    15     8851     16895    197808   5       2610    0       ja
  680  127    15     8988     16911    198048   8       2628    1       ja
  681  127    15     9107     16924    198040   9       2641    1       ja
  682  127    15     9243     16938    198028   18      2636    0       ja
  683  127    15     9364     16952    198256   8       2607    1       ja
  684  127    15     9483     16966    198244   4       2608    0       ja
  685  127    15     9619     16979    198480   5       2667    0       ja
  686  127    15     9740     16993    198468   6       2618    0       ja
  687  127    15     9860     17007    198456   17      2635    0       ja
  688  127    15     9964     17020    198684   9       2613    1       ja
  689  127    15     10100    17034    198676   10      2612    0       ja
  690  127    15     10252    17050    198664   17      2670    1       ja
  691  127    15     10373    17064    198896   5       2611    0       ja
  692  127    15     10508    17077    198892   6       2666    0       ja
  693  127    15     10628    17091    198880   5       2607    0       ja
  694  127    15     10749    17105    199104   9       2623    1       ja
  695  127    15     5693     16592    195048   9       2609    0       ja
  696  127    15     5845     16605    195280   5       2612    0       ja
  697  127    15     5966     16619    195268   6       2616    0       ja
  698  127    15     6070     16633    195256   6       2608    0       ja
  699  127    15     6190     16647    195756   17      2605    0       ja
  700  127    15     6343     16663    195744   6       2696    0       ja
  701  127    15     6463     16676    195732   10      2623    0       ja
  702  127    15     6599     16690    195960   16      2615    1       ja
  703  127    15     6719     16704    195952   7       2623    0       ja
  704  127    15     6839     16717    195940   6       2623    0       ja
  705  127    15     6976     16731    196168   5       2608    0       ja
  706  127    15     7095     16745    196156   8       2620    0       ja
  707  127    15     7247     16758    196392   7       2620    1       ja
  708  127    15     7352     16772    196380   10      2606    0       ja
  709  127    15     7472     16786    196368   16      2616    0       ja
  710  127    15     7607     16802    196612   29      2690    0       ja
  711  127    15     7728     16816    196600   9       2608    0       ja
  712  127    15     7848     16829    196588   7       2608    0       ja
  713  127    15     7984     16843    196816   7       2623    0       ja
  714  127    15     8104     16857    196808   13      2620    0       ja
  715  127    15     8224     16870    196796   7       2654    0       ja
  716  127    15     8361     16884    197024   5       2641    1       ja
  717  127    15     8480     16898    197012   5       2621    0       ja
  718  127    15     8600     16912    197240   7       2632    0       ja
  719  127    15     8753     16925    197228   10      2605    0       ja
  720  127    15     8889     16941    197492   46      2626    1       ja
  721  127    15     9009     16955    197724   5       2614    0       ja
  722  127    15     9145     16969    197716   5       2612    0       ja
  723  127    15     9265     16982    197704   9       2610    1       ja
  724  127    15     9385     16996    197932   10      2619    1       ja
  725  127    15     9505     17010    197924   8       2615    0       ja
  726  127    15     9641     17023    198156   10      2608    0       ja
  727  127    15     9745     17037    198144   9       2625    0       ja
  728  127    15     9882     17051    198132   13      2608    0       ja
  729  127    15     10001    17064    198364   10      2626    1       ja
  730  127    15     10154    17080    198352   21      2615    0       ja
  731  127    15     10274    17094    198340   12      2643    0       ja
  732  127    15     10394    17107    198572   11      2606    0       ja
  733  127    15     10514    17121    198564   10      2630    0       ja
  734  127    15     10634    17135    198552   11      2623    1       ja
  735  127    15     10755    17149    198780   8       2622    0       ja
  736  127    15     10890    17162    198768   5       2666    0       ja
  737  127    15     11010    17176    198760   8       2613    0       ja
  738  127    15     5944     16628    195268   6       2605    0       ja
  739  127    15     6065     16641    195256   6       2611    0       ja
  740  127    15     6217     16657    195784   14      2607    1       ja
  741  127    15     6338     16671    195772   14      2624    0       ja
  742  127    15     6474     16684    195764   11      2615    0       ja
  743  127    15     6594     16698    196252   11      2609    0       ja
  744  127    15     6714     16712    196240   9       2625    0       ja
  745  127    15     6834     16725    196232   16      2619    1       ja
  746  127    15     6971     16739    196460   15      2614    0       ja
  747  127    15     7075     16753    196448   5       2608    1       ja
  748  127    15     7195     16767    196680   6       2618    0       ja
  749  127    15     7331     16780    196672   7       2606    1       ja
  750  127    15     7467     16797    196732   5       2645    0       ja
  751  127    15     7588     16810    196964   13      2641    0       ja
  752  127    15     7723     16824    196952   6       2611    0       ja
  753  127    15     7843     16838    196944   10      2613    0       ja
  754  127    15     7980     16852    197172   5       2621    0       ja
  755  127    15     8100     16865    197160   10      2614    1       ja
  756  127    15     8220     16879    197148   14      2619    0       ja
  757  127    15     8340     16893    197380   6       2649    0       ja
  758  127    15     8460     16906    197368   8       2610    0       ja
  759  127    15     8580     16920    197600   16      2622    0       ja
  760  127    15     8732     16936    197860   24      2659    0       ja
  761  127    15     8868     16950    197848   15      2642    0       ja
  762  127    15     8988     16964    198084   6       2611    0       ja
  763  127    15     9108     16977    198336   16      2619    1       ja
  764  127    15     9244     16991    198328   9       2614    1       ja
  765  127    15     9365     17005    198560   7       2618    0       ja
  766  127    15     9485     17018    198548   5       2620    0       ja
  767  127    15     9589     17032    198800   15      2617    0       ja
  768  127    15     9725     17046    199032   20      2609    1       ja
  769  127    15     9845     17059    199020   13      2616    0       ja
  770  127    15     9998     17075    199260   8       2641    0       ja
  771  127    15     10117    17089    199252   7       2616    0       ja
  772  127    15     10237    17103    199240   11      2660    0       ja
  773  127    15     10358    17116    199472   6       2606    0       ja
  774  127    15     10526    17085    199460   10      2606    1       ja
  775  127    15     10661    17099    199452   9       2617    1       ja
  776  127    15     10766    17112    199680   5       2619    1       ja
  777  127    15     10886    17126    199668   8       2628    0       ja
  778  127    15     11021    17140    199656   6       2615    0       ja
  779  127    15     6115     16612    196164   5       2608    1       ja
  780  127    15     6283     16627    196420   24      2641    0       ja
  781  127    15     6388     16641    196652   6       2638    0       ja
  782  127    15     6508     16655    196640   10      2611    0       ja
  783  127    15     6645     16668    196632   8       2647    0       ja
  784  127    15     6749     16682    196864   9       2616    0       ja
  785  127    15     6869     16696    196852   9       2646    0       ja
  786  127    15     6989     16710    196844   7       2619    0       ja
  787  127    15     7125     16723    197332   9       2613    0       ja
  788  127    15     7229     16737    197320   6       2617    1       ja
  789  127    15     7350     16751    197308   5       2624    2       ja
  790  127    15     7501     16764    195856   16      2618    0       ja
  791  127    15     7654     16778    195844   5       2609    1       ja
  792  127    15     7774     16791    196076   14      2676    0       ja
  793  127    15     7893     16805    196064   9       2623    1       ja
  794  127    15     8014     16819    196056   8       2606    1       ja
  795  127    15     8134     16832    196288   5       2609    0       ja
  796  127    15     8270     16846    196276   7       2644    0       ja
  797  127    15     8390     16860    196264   14      2623    0       ja
  798  127    15     8510     16874    196496   6       2610    0       ja
  799  127    15     8630     16887    196484   8       2670    0       ja
  800  127    15     8767     16903    196728   18      2616    0       ja
  801  127    15     8902     16917    196960   8       2616    0       ja
  802  127    15     9022     16930    196948   5       2639    0       ja
  803  127    15     9159     16944    197180   13      2636    0       ja
  804  127    15     9278     16958    197168   5       2599    0       ja
  805  127    15     9399     16972    197160   5       2606    0       ja
  806  127    15     9535     16985    197392   6       2599    0       ja
  807  127    15     9655     16999    197380   6       2601    0       ja
  808  127    15     9759     17013    197368   5       2615    1       ja
  809  127    15     9895     17027    197600   5       2615    0       ja
  810  127    15     10031    17042    197588   5       2599    0       ja
  811  127    15     10168    17056    197576   5       2608    0       ja
  812  127    15     10287    17070    197804   5       2604    1       ja
  813  127    15     10407    17084    197792   5       2599    1       ja
  814  127    15     10528    17097    198024   5       2600    0       ja
  815  127    15     10664    17111    198012   7       2619    1       ja
  816  127    15     10784    17125    198004   6       2608    0       ja
  817  127    15     10904    17138    198236   6       2608    1       ja
  818  127    15     11024    17152    198224   5       2609    0       ja
  819  127    15     6294     16642    194600   6       2609    2       ja
  820  127    15     6462     16661    195092   6       2607    0       ja
  821  127    15     6566     16675    195080   10      2616    0       ja
  822  127    15     6687     16689    195312   13      2624    1       ja
  823  127    15     6823     16702    195304   9       2610    0       ja
  824  127    15     6927     16716    195292   5       2665    0       ja
  825  127    15     7048     16730    195524   9       2614    0       ja
  826  127    15     7183     16744    195516   20      2607    0       ja
  827  127    15     7303     16757    195504   9       2654    1       ja
  828  127    15     7408     16771    195732   15      2606    1       ja
  829  127    15     7544     16785    195720   10      2619    1       ja
  830  127    15     7712     16800    195712   22      2602    0       ja
  831  127    15     7848     16814    195940   9       2618    0       ja
  832  127    15     7984     16828    195928   10      2604    0       ja
  833  127    15     8088     16841    196160   5       2652    0       ja
  834  127    15     8208     16855    196152   13      2621    0       ja
  835  127    15     8328     16869    196140   7       2630    1       ja
  836  127    15     8465     16883    196368   5       2620    0       ja
  837  127    15     8584     16896    196360   5       2640    0       ja
  838  127    15     8688     16910    196348   5       2681    1       ja
  839  127    15     8809     16924    196580   10      2610    1       ja
  840  127    15     8945     16939    196568   21      2630    1       ja
  841  127    15     9065     16953    196824   8       2611    1       ja
  842  127    15     9217     16967    197052   10      2619    0       ja
  843  127    15     9370     16981    197044   8       2606    1       ja
  844  127    15     9473     16994    197032   7       2619    1       ja
  845  127    15     9609     17008    197264   10      2607    0       ja
  846  127    15     9729     17022    197252   6       2606    0       ja
  847  127    15     9850     17036    197484   7       2607    1       ja
  848  127    15     9953     17049    197472   16      2634    0       ja
  849  127    15     10089    17063    197464   7       2632    1       ja
  850  127    15     10226    17079    199036   21      2627    0       ja
  851  127    15     10362    17093    199024   6       2618    0       ja
  852  127    15     10481    17106    199016   8       2606    0       ja
  853  127    15     10618    17120    199244   5       2620    0       ja
  854  127    15     10722    17134    199232   5       2607    1       ja
  855  127    15     10890    17147    199220   12      2653    0       ja
  856  127    15     11010    17161    199448   6       2627    0       ja
  857  127    15     6469     16677    195992   6       2603    1       ja
  858  127    15     6589     16691    196228   5       2607    0       ja
  859  127    15     6710     16704    196216   6       2610    0       ja
  860  127    15     6878     16720    196196   5       2613    1       ja
  861  127    15     7015     16734    196696   6       2608    0       ja
  862  127    15     7119     16748    196684   5       2615    0       ja
  863  127    15     7255     16761    196672   7       2609    1       ja
  864  127    15     7375     16775    196904   6       2622    0       ja
  865  127    15     7511     16789    196892   11      2623    0       ja
  866  127    15     7615     16803    197124   6       2612    0       ja
  867  127    15     7736     16816    197112   14      2620    0       ja
  868  127    15     7855     16830    197104   6       2614    0       ja
  869  127    15     8008     16844    197336   11      2618    0       ja
  870  127    15     8128     16859    197324   14      2617    0       ja
  871  127    15     8247     16873    197312   11      2607    0       ja
  872  127    15     8384     16890    197580   11      2604    1       ja
  873  127    15     8504     16904    197568   16      2617    1       ja
  874  127    15     8624     16917    197556   9       2621    1       ja
  875  127    15     8744     16931    197784   15      2606    0       ja
  876  127    15     8864     16945    197776   14      2613    0       ja
  877  127    15     8984     16959    198008   10      2621    1       ja
  878  127    15     9105     16972    197996   7       2606    0       ja
  879  127    15     9256     16986    197988   10      2636    0       ja
  880  127    15     9392     17002    198220   8       2614    1       ja
  881  127    15     9529     17016    198208   9       2632    1       ja
  882  127    15     9648     17029    198736   7       2617    1       ja
  883  127    15     9769     17043    198968   9       2610    0       ja
  884  127    15     9889     17057    198956   6       2619    1       ja
  885  127    15     10025    17070    198944   6       2605    1       ja
  886  127    15     10129    17084    199172   8       2612    0       ja
  887  127    15     10281    17098    199168   6       2617    0       ja
  888  127    15     10401    17112    199156   6       2604    1       ja
  889  127    15     10522    17125    199384   6       2610    0       ja
  890  126    15     10657    17141    199376   6       2625    0       ja
  891  126    15     10777    17155    199612   9       2613    0       ja
  892  126    15     10882    17168    199600   7       2660    0       ja
  893  126    15     11034    17182    199712   7       2609    0       ja
  894  126    15     6671     16712    196480   7       2622    0       ja
  895  126    15     6791     16725    196468   9       2612    0       ja
  896  126    15     6911     16739    196456   6       2614    0       ja
  897  126    15     7016     16753    196684   5       2614    0       ja
  898  126    15     7152     16766    196676   5       2604    1       ja
  899  126    15     7273     16780    196908   9       2607    0       ja
  900  126    15     7425     16795    196920   18      2623    0       ja

ZEIGERARTEN ÜBER DEN LAUF
  Art                      Sitz. 1  Mitte    Ende     Einordnung
  Binder                   2        2        2        unverändert
  Datei in /system         6        6        6        unverändert
  Ereigniszähler           6        6        6        unverändert
  Gerät goldfish_pipe_dprctd 7        7        7        unverändert
  Gerät goldfish_sync      1        1        1        unverändert
  Gerät null               11       10       10       unverändert
  Gerät pmsg0              1        1        1        unverändert
  Gerät urandom            1        1        1        unverändert
  Programmpaket            12       12       12       unverändert
  Rohr                     2        2        2        unverändert
  Steckdose                11       11       11       unverändert
  geteilter Speicher       5        5        5        unverändert
  namenlos [eventpoll]     4        4        4        unverändert
  namenlos sync_file       9        25       24       gewachsen, aber nicht stetig
  sonstiges                34       34       34       unverändert

ZEIGER NACH ART -- Unterschied zwischen Sitzung 1 und 900
  namenlos sync_file       +15
  Gerät null               -1

  Bestand am Ende:
    sonstiges                34
      /sys/kernel/tracing/trace_marker
      /apex/com.android.art/javalib/core-oj.jar
      /apex/com.android.art/javalib/core-libart.jar
      /apex/com.android.art/javalib/okhttp.jar
      /apex/com.android.art/javalib/bouncycastle.jar
    namenlos sync_file       24
      anon_inode:sync_file
    Programmpaket            12
    Steckdose                11
    Gerät null               10
    Gerät goldfish_pipe_dprctd 7
    Datei in /system         6
    Ereigniszähler           6
    geteilter Speicher       5
    namenlos [eventpoll]     4
      anon_inode:[eventpoll]
    Rohr                     2
    Binder                   2
    Gerät pmsg0              1
    Gerät urandom            1
    Gerät goldfish_sync      1

URTEIL
  Sitzungen ohne Text: 0 von 900
  Dateizeiger:   Mitte 127, Ende 127, Zuwachs -0 (-0.00 je Sitzung) -- kein Wachstum
  Fäden:         Mitte 15, Ende 15, Zuwachs 0 (0.00 je Sitzung) -- kein Wachstum

  Speicher -- beurteilt am Boden nach der Bereinigung, nicht am Mittel:
  Java-Halde:    Boden steigt mit schrumpfenden Zuwächsen (4788 -> 5335 -> 5601, Zuwächse 547, 266) -- pendelt sich ein
  native Halde:  Boden steigt mit schrumpfenden Zuwächsen (16415 -> 16510 -> 16525, Zuwächse 95, 15) -- pendelt sich ein
  RSS:           **Boden steigt gleichmäßig** (192468 -> 193584 -> 194600, Zuwächse 1116, 1016) -- Leck möglich

  Wird es langsamer? Ein Ressourcenstau zeigt sich oft zuerst so.
  Startlatenz:   Mitte 9, Ende 9, Zuwachs -0 (-0.00 je Sitzung) -- kein Wachstum
  Sitzungsdauer: Mitte 2622, Ende 2619, Zuwachs -3 (-0.01 je Sitzung) -- kein Wachstum
  Aufräumdauer:  Mitte 0, Ende 0, Zuwachs 0 (0.00 je Sitzung) -- Plateau erreicht

================================================================
NACHTRAG, 29.08.2026 -- DAS URTEIL OBEN IST TEILWEISE FALSCH
================================================================

Das Urteil über der Linie stammt vom alten Beurteiler, der aus **drei**
Böden schloss, indem er den letzten Zuwachs mit dem ersten verglich. Für
die Java-Halde las er

    4788 -> 5335 -> 5601,  Zuwächse 547 und 266

und sprach "pendelt sich ein", weil 266 kleiner ist als die Hälfte von 547.

Dieselben Rohdaten über dreißig Fenster zu je dreißig Sitzungen:

    Java-Halde     1,66 KB je Sitzung   t = 7,3   BELEGT
    native Halde   0,21 KB je Sitzung   t = 6,2   BELEGT
    RSS            3,37 KB je Sitzung   t = 9,2   BELEGT

Und die Frage, auf die es ankommt -- flacht es ab?

    Java-Halde     Sitzung 1-450: 2,38   451-900: 2,18
    native Halde                  0,36            0,28
    RSS                           2,43            3,93

Die zweite Hälfte ist so steil wie die erste. **Nichts pendelt sich ein.**
Anstieg des Bodens über 900 Sitzungen: Java-Halde +1883 KB, native Halde
+297 KB, RSS +3988 KB.

Drei Stützpunkte können den Unterschied nicht sehen. Fällt der erste
Zuwachs zufällig größer aus -- und auf einem Sägezahn tut er das leicht --
geht gleichmäßiges Wachstum als Einpendeln durch. Genau das ist hier
passiert, und zwar zugunsten der bequemeren Lesart.

Der Beurteiler rechnet seit diesem Nachtrag über eine Ausgleichsgerade
durch mindestens acht Böden, mit derselben Zwei-Standardfehler-Schwelle,
die im Projekt schon für den Ratenverlauf gilt. Die hier gemessenen dreißig
Böden liegen als Gegenprobe im Prüfsatz.

WAS DAS FÜR DIE APP HEISST -- UND WAS NICHT

Belegt: über 900 aufeinanderfolgende Sitzungen im selben Prozess bleibt je
Sitzung Speicher hängen, rund 3,4 KB nach RSS. Über 900 Sitzungen sind das
knapp 4 MB. Es flacht innerhalb dieses Laufs nicht ab.

Nicht belegt: dass es unbegrenzt weiterläuft. 900 Sitzungen sind 900
Sitzungen, keine Aussage über 10.000.

Nicht untersucht: die Ursache. Dateizeiger und Fäden wachsen nicht, die
Sitzungsdauer bleibt bei 2620 ms, die Startlatenz bei 9 ms -- es wird also
nichts langsamer und nichts staut sich sichtbar auf.

Der Punkt bleibt **OFFEN**. Er ist nicht dadurch erledigt, dass er klein
ist.
